1
1
1
1
1
1
1
1
1
1
1
1
1
1
1
1
591505
591505
591505
1
169271
169271
169271
591505
169271
759577
169271
591505
591505
759577
591505
759577
1
169271
591505
591505
791722
1
1
169271
759577
169271
1
169271
759577
759577
759577
169271
1
169271
169271
169271
1
498156
1
498156
1
251273
1
759577
591505
169271
498156
251273
591505
251273
251273
251273
251273
498156
759577
498156
260828
251273
498156
32057
759577
1
1
169271
498156
498156
1
32057
759577
498156
32057
260828
791722
169271
791722
1
1
32057
399349
251273
260828
399349
498156
1
399349
791722
498156
498156
169271
32057
32057
399349
260828
591505
759577
1
462923
759577
977487
759577
399349
591505
1
759577
462923
251273
32057
977487
791722
588078
498156
32057
880546
498156
32057
462923
462923
498156
399349
399349
251273
462923
588078
399349
591505
32057
498156
1
591505
462923
32057
759577
880546
1
399349
791722
977487
977487
260828
251273
1
169271
791722
588078
169271
759577
880546
462923
1
555520
1
169271
406560
759577
977487
759577
759577
759577
791722
251273
1
32057
555520
555520
251273
32057
498156
32057
555520
498156
588078
588078
498156
759577
406560
791722
399349
32057
169271
462923
588078
406560
399349
32057
588078
555520
759577
260828
260828
1
32057
399349
591505
251273
260828
462923
169271
428070
462923
169271
428070
977487
58109
591505
58109
555520
759577
32057
555520
791722
591505
759577
260828
175709
759577
406560
251273
498156
591505
251273
462923
251273
428070
591505
428070
759577
498156
555520
428070
880546
498156
880546
462923
175709
759577
588078
169271
791722
428070
58109
260828
251273
791722
43614
175709
260828
406560
768876
555520
498156
880546
1
43614
175709
169271
759577
462923
251273
260828
555520
279509
880546
791722
498156
591505
175709
765857
406560
175709
58109
169271
406560
791722
765857
43614
43614
179466
1
179466
765857
588078
462923
179466
109572
462923
759577
588078
768876
977487
175
169271
977487
588078
462923
43614
588078
251273
791722
765857
880546
109572
109572
880546
260828
43614
175
791722
175
555520
880546
279509
279509
791722
251273
406560
581861
768876
169271
591505
498156
32057
462923
462923
58109
179466
109572
260828
803945
954540
251273
591505
279509
75956
880546
251273
880546
768876
759577
58109
279509
756700
109572
169271
179466
32057
555520
406560
682208
756700
58109
555520
581861
373388
977487
179466
406560
581861
304313
175709
583347
1
163988
498156
880546
954540
175
347379
163988
428070
637278
260828
954540
251273
279509
765857
803945
954540
759577
58109
1
43614
581861
404526
928545
118472
555520
58109
268935
588078
58109
399349
118472
118472
251273
880546
109572
373388
373388
32057
759577
175
251273
109572
6888
175
75956
373388
588078
771065
58109
179466
32057
404526
392439
682208
588078
428070
347379
682208
51845
406560
1
51845
268935
373388
768876
768876
1
163988
947827
268935
591505
6888
114377
759577
169271
768876
32057
109572
803945
6888
32057
765857
373388
260828
373388
468613
771065
58109
175709
114377
163988
947827
175709
756700
821430
591505
260828
791722
581861
404526
555520
791722
404526
347379
468613
880546
258294
43614
588078
175
6888
637278
251273
682208
759577
428070
109572
682208
179466
756700
682208
765857
406560
588078
583347
294464
682208
765857
880546
118472
581861
581861
954540
51845
954540
109572
347379
591505
468613
279509
977487
347379
304313
880546
682208
404526
693488
756700
759577
756700
294464
58109
765857
873951
947827
821430
756700
765857
114377
462923
347379
268935
583347
765857
977487
693488
880546
114377
591505
304313
756700
555520
179466
462923
75956
169271
347379
304313
373388
803945
404526
406560
77662
637278
769040
304313
355872
169271
114377
954540
6888
355872
51845
550024
799302
251273
765857
428953
947827
759577
693488
392439
260828
279509
867370
581861
693488
114377
428070
58109
51845
682208
428070
771065
191910
258294
114377
453007
51845
581861
462923
771065
803945
77662
977487
873951
77662
821430
118472
468613
769040
75956
163988
392439
803945
251273
118472
58109
260828
821430
373388
498156
748203
175709
175709
444936
591505
304313
392439
498156
392439
175
867370
51845
358634
591505
114377
373388
428953
109572
358634
469787
583347
109572
873951
163988
521385
771065
699263
964461
977487
462923
476308
769040
260828
799302
928545
462923
768876
682208
581861
964461
163988
444936
444936
58109
444936
444936
404526
469787
581861
163988
476308
954540
260828
759577
355872
964461
550024
268935
175
954540
404526
193209
682208
453007
428953
118472
114377
542872
294464
699263
279509
521385
791722
109572
821430
428953
428953
503842
258294
954540
637278
251273
109572
163988
977487
123996
867370
550024
555520
469787
193209
583347
637278
947827
399349
799302
765857
77662
791722
759577
279509
123996
744056
43614
175
555520
444936
476308
954540
404526
51845
769040
118472
476308
783714
406560
43614
268935
503842
873951
109572
928545
6888
304313
373388
803945
771065
791722
581861
77662
58109
744056
193209
404526
542872
768876
6888
404526
867370
783714
58109
355872
258294
748203
175
403436
765857
498156
304313
118472
871762
693488
91742
867370
304313
428953
399349
588078
251273
748203
744241
880546
744056
403436
867370
207928
358634
682208
75956
744241
347379
591505
777851
58109
821430
768876
255869
193209
744241
75956
542872
114377
428953
179466
468613
744241
193209
123996
744241
58109
503842
175
444936
964461
260828
258294
821430
977487
783714
1
476308
347379
503842
769040
498156
768876
521385
468613
581861
279509
783714
255869
777851
404526
748203
693488
255660
358634
444936
555520
355872
756700
777851
255869
622923
355872
977487
783714
769040
622923
873951
355872
43614
114377
118472
702295
771065
803945
503842
588078
521385
469787
748203
977487
373388
637278
744241
867370
591505
702295
977487
346322
51845
268935
865656
205454
542872
756700
555520
693488
444936
744056
503842
591505
82798
550024
777851
428070
428070
581861
399349
1
207928
346322
404526
119237
179466
175709
179466
453007
637278
827004
251273
91742
444936
583347
123996
163988
803945
58109
396232
769040
542872
6888
175709
744056
205454
205454
693488
777851
51845
179466
879074
637278
43614
123996
193209
871762
821430
591505
358634
756700
403436
871762
803945
550024
91742
777851
777851
118472
355872
791722
386720
865656
51845
123996
702295
768876
614005
258294
294464
453007
118472
404526
1
791722
759577
744056
964461
169271
163988
396232
75956
355872
803945
399349
947827
114377
528630
977487
118472
175
151565
542872
151565
1
386720
699263
498156
867370
403436
123996
6888
32057
765857
917417
947827
521385
621281
462923
51845
693488
151565
193209
325680
428070
118472
748203
191910
791722
507553
771065
693488
279509
175
759577
702295
799302
355872
555520
119237
748203
109572
175709
756700
347379
109572
738323
759577
404526
77662
765857
373388
873951
702295
355657
491882
614005
771065
507553
444936
404526
491882
583347
304313
783714
355872
403436
8942
588078
803945
294464
205454
258835
123996
91742
783714
756700
791722
677008
255869
503842
813451
58109
637278
255660
947827
677008
403436
871762
82798
386720
476308
895367
185934
453007
355872
491882
401179
498156
528630
748203
738323
258294
622923
351896
114377
827004
1
255869
358634
32057
185934
977487
399349
401179
347379
395698
406560
268935
521385
702295
873951
179466
207928
163988
621281
401179
550024
693488
744241
191910
777851
879074
803945
77662
498156
175709
873951
769040
947827
386720
550024
392439
251273
803945
583347
89146
89146
75956
867370
77662
491882
6888
43614
954540
395698
404526
355872
880546
954540
58109
759577
6888
304313
777851
406560
873951
82798
279509
803945
528630
403436
268935
169271
803945
677008
837586
258294
756700
759577
346322
325680
175
588078
123996
521385
813451
38746
404526
748203
351896
191910
682208
444936
759577
6888
591505
799302
917417
555520
109572
682208
865656
880546
255660
837586
89146
169271
583347
118472
279509
51845
169271
123996
386720
346322
768876
325680
355872
32057
771065
637278
469787
491882
867370
255660
163988
476308
428070
799302
861376
583347
251273
258126
109572
355657
653373
791722
682208
304313
207928
469787
492314
258126
91742
768876
609929
871762
191910
43614
175709
783359
744241
255660
964461
1
307319
492314
151565
622923
677008
38746
193209
813451
304313
555520
58109
304313
653373
279509
765857
151565
43614
8942
325680
785259
395698
279509
392439
521385
469787
268935
690918
759577
744241
621281
491882
114377
476308
503842
827004
865656
581861
980119
827004
358634
250418
769040
95018
358634
759577
798448
476308
827004
492314
114377
91742
861376
738323
179466
351896
744056
118472
123996
8942
118472
441991
990130
95018
491882
355657
699263
621281
43614
803142
928545
686509
607687
803945
520821
765857
462923
609929
468613
212651
95018
878627
785259
777851
677008
441991
403436
169271
453007
395698
928545
38746
294464
207928
347379
520821
588078
990130
964461
32057
879074
444936
304313
469787
702295
738323
151565
867370
401179
82798
179466
821430
821430
32057
769040
682208
756700
38746
964461
386720
346322
621281
307319
507553
193209
494573
783359
777851
205454
871762
521385
441991
307319
492314
507553
428953
351896
428953
583347
928545
756700
826031
185934
581861
494573
771065
8942
799302
38746
406560
462923
6888
759577
521385
396232
785259
351896
878627
895367
268935
785259
476308
799302
964461
258294
491882
481895
827004
346322
95018
258294
355872
791722
325680
207928
655838
954540
653373
520821
861376
821430
304313
444936
404526
873951
783714
653373
917417
120280
185934
588078
355872
89146
791722
834719
769040
614005
803142
403436
759577
77662
917417
550024
878627
413935
791722
358634
588078
175709
139865
586256
119237
4802
954540
878627
690918
528630
550024
355872
738323
756700
827004
58109
457595
406560
247026
550024
954540
503842
224351
255660
521385
43614
783359
406560
462923
212651
307319
185934
821430
118472
175
258294
351896
653373
865656
279509
373388
250418
373388
867370
351896
813451
469787
769040
686509
861376
799302
756700
120280
185934
169271
224351
495631
861376
351896
294464
324385
520821
75956
457595
464478
91742
175709
550024
347379
771065
748203
803142
351354
395698
550024
294464
373388
304313
175709
947827
324385
406560
351354
358634
358634
726368
785259
247026
621281
468613
777851
744241
871762
77662
550024
609929
224351
255660
392439
109572
114377
686509
555520
175709
163988
110856
373388
109572
765857
250418
428953
258835
799302
621281
702295
79861
355872
939431
279509
85212
192207
744056
765857
476308
777851
110856
441991
785259
813451
175
396232
179466
120280
591505
821506
403436
498156
260828
205454
428070
58109
980119
607687
428070
778733
821430
355657
521385
990130
821506
457595
748203
917417
655838
990130
783359
207818
821430
258294
151565
917417
609929
346322
655838
406560
528630
304399
476308
481895
939431
175709
690918
325680
756700
865656
9694
686509
756700
396232
358634
444936
79861
829138
32057
954540
468613
609929
205454
821430
947827
918956
460790
783714
185173
756700
9694
279509
803142
324385
453007
507553
212651
873951
207928
207928
85212
193209
346322
693488
6888
655838
6888
834719
503842
799302
748494
607687
386720
413935
428070
481895
622923
947827
38746
444936
428953
834719
690918
702295
607687
179466
591505
192207
699263
878627
257385
476517
175709
175
495631
120280
58109
441991
821430
468613
748494
437120
255869
827004
114377
325680
392439
703651
79861
351354
428953
637278
555520
185173
837586
481895
277128
481895
947827
453007
251273
355872
386720
251273
373388
702295
77662
980119
884320
351354
347379
395698
224351
503842
91742
251273
468613
476308
444936
8942
43614
653373
441991
748494
401179
32057
77662
316100
829138
401179
528630
477263
110856
190369
555520
401179
961834
399349
190369
794106
89146
744056
503842
682208
257385
453007
462923
699263
457595
977487
1
690918
43614
118472
771065
351896
193209
783714
677008
32057
120280
699263
977487
555520
58109
677008
50898
325680
686509
748494
193209
759577
798448
702295
492314
686509
622923
748494
476517
495631
765857
550024
865656
355657
481895
783359
476308
778733
990130
783714
119237
123996
395698
268935
464478
260828
392439
9694
748203
151565
179466
250418
4802
865656
307319
586256
294464
961834
207818
783714
89146
783359
250418
470916
169271
205454
788154
756700
260828
401179
445896
404526
826031
803142
468613
6888
521385
358634
826031
175709
260805
118472
260828
268935
192207
622923
114377
621281
247026
690918
445896
964461
765728
614005
444936
682208
75956
803142
476517
481895
521385
118472
355872
492314
50898
58109
255869
879074
396232
748494
294464
693488
428953
109292
783714
982058
588078
193209
444936
880546
586256
803142
777851
477263
351354
441991
207928
290568
961834
771065
38746
777851
609929
583347
791722
476308
655838
192207
834719
493821
185173
445896
703651
768876
413935
403436
345697
961834
693488
799302
437120
677008
550024
469787
878627
834719
358634
428953
251273
491882
444936
699263
366108
407770
799302
555520
444704
495631
621281
672321
118472
785259
672321
38746
94380
686509
783714
459972
386720
759577
94380
207818
224351
355657
32057
265134
867370
926572
355657
588078
690918
1
330985
460047
258294
827004
351354
75956
251273
744241
637278
118472
798448
726368
169271
799302
2001
79861
713659
257385
671846
413935
118325
453007
91742
224351
265134
437120
469787
837586
476517
555520
185173
980119
982058
591505
607687
324385
257385
224351
788096
258835
682208
91742
373388
961834
118472
586055
887989
32057
803945
114377
778733
827004
744241
671846
880546
771065
404526
214422
469787
464176
250418
75956
783714
396232
977487
355872
799302
325680
803142
390686
318994
304313
428070
493821
251273
834719
279509
693898
95018
884320
120280
191910
355657
89146
151565
783359
428070
9694
258835
464478
407770
120280
110856
316100
493821
120280
947827
884320
51845
462923
785259
637278
834719
583347
85212
109572
79861
445896
964461
224351
444704
799302
316100
655838
878627
139865
799302
581657
621281
114377
618016
693488
703651
403436
964461
970491
51845
607687
765857
330985
212651
787270
528630
928545
85212
744241
260805
151565
834719
38746
677008
169271
813451
8942
2001
458508
614618
77662
94380
794106
884320
521385
348396
878627
873951
468613
495631
493821
258294
62906
783359
686509
476308
508323
528630
9694
637278
212651
884320
190369
637278
926572
428070
294464
990130
630053
550024
982058
637278
588078
778733
498156
268935
887989
258126
304399
77662
32057
163988
492314
614005
192207
550024
240232
151565
94380
82798
586256
481895
990130
75956
884320
783359
738323
980119
970491
928545
756700
193209
8942
268935
325680
926572
503842
118325
618016
464478
614618
460047
977487
682208
307319
318994
351354
347379
205454
825050
771065
583347
51845
961834
192207
572746
109572
825050
120280
175709
469787
265134
928545
250418
464176
77662
744241
401179
813451
273415
583347
346322
788154
998219
458508
867370
873951
307319
748203
445896
495631
460047
396232
377946
788096
407770
788096
521385
464478
185173
503842
316100
947827
163988
255660
744241
821430
290568
785259
861376
109292
785259
503842
748494
185173
989207
622720
491882
4802
630053
703651
34376
887989
395698
787270
527448
597021
355657
989207
666333
258835
169271
460790
77662
887989
399349
355872
399349
778733
609929
457595
260828
470916
251273
9694
85212
998219
829138
355872
871762
38746
686509
778733
791722
444936
861376
703651
460790
457595
748203
325680
783359
873951
255869
880546
75956
673634
726368
895367
2001
821506
453007
109572
191910
666333
179466
637278
351354
139865
258835
621281
756700
279264
748494
404526
268935
192207
345697
878627
528630
358489
8942
476517
304399
224351
778733
655838
703651
395698
982058
798448
699263
788096
79861
255660
861376
503842
588078
527448
768876
591505
205454
637278
713659
255869
827004
672321
821506
290568
713659
791722
969948
44119
528630
865656
783714
493821
175709
825050
318994
879074
109292
917417
550024
693898
456569
462923
1
878627
867370
62906
8942
769040
224351
703651
377080
989207
82798
32057
258126
295322
279509
403436
77662
508323
821506
693172
444704
162930
75956
444936
470916
192207
62906
205454
778733
255869
469787
257385
94380
355872
268935
441991
85212
9694
581861
29944
982058
878627
395698
815005
304399
192207
265134
268935
32057
441991
119237
630053
528630
785259
630053
277128
207818
887989
586055
765857
748203
884320
867370
9694
109572
825050
351354
390686
91742
260805
324756
428070
682208
609929
407770
861376
373388
294464
464478
998219
672321
192408
493821
677008
309559
255869
183746
783714
607687
777851
713659
304313
527448
277128
348396
282681
366085
399349
637847
304399
657426
395698
799302
191910
759577
990130
175709
783359
744091
495631
110856
123996
163988
756700
109572
29944
345697
759577
555520
304399
821430
85212
437120
82798
618016
827004
456569
528630
428953
404526
686509
290568
829138
190369
120280
759577
964461
799302
109292
768876
895367
393484
366085
460047
345697
464176
4802
179466
164356
865656
655838
403436
377080
163988
748203
309559
118325
528630
926572
630053
586256
351896
693172
279264
821430
255660
214422
401179
445896
406560
538929
89146
477263
581657
895367
355872
990130
693898
829138
542872
255869
462923
588078
377080
469787
355657
453007
366108
358634
799302
477263
977487
32057
366108
377946
258835
403436
799302
163988
538929
586256
404526
788096
597021
212651
290568
489499
572746
815005
63398
821430
803142
89146
428070
477263
16983
268935
879074
493821
493821
377946
702295
16983
428070
377946
476308
437120
330985
477263
744056
247026
939431
114377
324385
255660
351354
588078
825050
728455
89146
260828
355872
982058
294464
783714
19797
109572
887989
874142
191910
255869
179466
258294
260828
217015
728455
123996
366085
829138
787270
954540
969948
348396
783714
404526
765728
214422
527448
607687
469787
104847
89146
614618
19797
947827
494573
16983
713659
89146
260828
34376
445896
62906
887989
366085
34376
193209
358634
377080
355657
392439
954540
355872
358489
43614
8942
614005
444936
655838
503842
879074
345697
32057
630053
768876
899094
918956
393484
871762
926572
769040
887989
179466
110856
295322
212651
182083
703651
118472
596527
464176
493821
621281
791722
653373
798448
748494
785259
655838
462923
345697
355872
428953
185934
788096
926572
875572
29944
401179
926572
980119
373388
813451
38746
928545
492314
110856
185934
977487
895367
744056
954540
690918
744091
413935
110856
960732
702295
460047
954540
39137
468613
444936
671846
622923
309559
8942
43614
788096
887989
399349
260828
508323
191910
85212
583347
622923
878627
258294
608572
205454
902731
318994
677008
788096
251273
964461
591505
323503
630053
672321
744091
460790
837586
255869
77662
390686
91742
878627
273415
207928
453007
462923
34376
182083
392439
6888
989207
821430
312312
191910
607687
778733
477263
390686
481895
494573
58109
279509
520821
44119
825050
528630
588078
586055
470916
395698
366108
969948
703651
309559
458508
621281
608572
608572
871762
58109
468613
462923
123584
268935
151565
91742
572746
255660
358489
304399
63398
63398
175
118325
351354
791722
358634
163988
586256
114377
82798
182083
185173
104847
671506
318994
183746
295322
123584
744091
8942
185934
355657
2001
109292
622720
702295
290568
175
471879
666333
8942
44119
771065
618016
273740
351354
58109
990130
728455
307319
77662
260805
312312
588078
581657
899094
109292
728455
294464
609929
29944
713659
871762
713659
813451
428070
1
347379
476517
955354
827004
977487
318994
444936
119237
521385
257385
998219
250418
779855
2001
316100
879074
32057
492314
762549
608572
969948
865656
880546
785259
164356
684343
457595
779855
114377
977487
77662
403436
169271
783359
240232
572746
759577
393484
155496
91742
390686
4802
34376
964461
785259
871762
396232
481895
765857
323503
9694
169271
304313
453007
788154
139865
684343
279264
527448
777851
282681
155496
550024
759577
468613
762549
834719
955354
581861
348396
989207
954540
43614
471879
217015
73091
672321
471879
826031
788154
255869
250418
939431
183746
163988
318994
34376
50898
998219
460047
214422
899094
325680
880546
503842
32057
109292
404526
351354
437120
273740
185934
507553
273740
614005
728455
453007
377946
990130
327558
366108
390686
123584
698817
471879
528630
403436
377946
123584
880546
347379
521385
52995
179466
109572
464478
458508
653373
120280
164356
347379
51845
572746
813451
464478
779855
826031
871762
469787
139865
813451
295322
324385
14842
614005
183746
95018
377946
653373
139865
2001
258835
390686
79861
268935
372676
867370
110856
230251
324756
769040
217015
459972
73091
139865
744091
777851
918956
881272
355872
351896
386720
217015
859187
713659
668107
212651
390686
191910
922298
788154
977487
666333
821430
495631
686509
265134
682208
899094
794106
393484
982058
673634
744091
205454
874142
791722
748494
875572
797897
771065
788154
799302
63398
290568
468613
89146
804290
167891
428953
118472
671506
581657
622923
312312
621281
655838
258835
687368
591505
693488
926572
799302
666333
377080
268935
95018
803945
437120
323503
329884
785259
797897
118472
102075
555520
821506
880546
771065
348396
550024
607687
179466
586055
470916
459972
169271
118472
65509
541788
311444
304399
970491
879074
964461
460790
503842
726368
346322
393484
459972
928545
769040
89146
250418
348396
859187
528630
884320
294297
182083
377946
982058
989207
185934
19797
614005
58109
164356
481298
998219
386720
258835
785259
798448
622923
83425
309559
200891
230251
395698
151565
441991
825050
588464
366108
29944
489499
837586
43614
407770
476517
961834
9694
693488
250418
779855
458508
494397
279264
483246
555520
392439
954540
813451
655375
330985
890453
109572
651560
428953
686509
207818
867370
797897
282681
586256
655838
498156
273740
859187
618016
404526
572746
728455
815005
476308
456569
583347
977487
224351
476308
887989
102075
175709
890453
476517
212651
50460
693898
527448
396345
183746
933839
441991
62906
827004
29944
489499
555520
609929
528630
323503
475876
550024
294297
347379
207928
44119
783359
50898
77662
118472
895367
989207
744091
788096
258294
377080
50898
726368
346322
744241
214422
682208
965014
157138
916811
875300
109572
785259
377080
618016
581657
102075
581861
821430
77662
163988
79861
227907
445896
542872
969948
323503
119237
655375
622923
713659
887989
399112
151565
345697
902731
355657
164356
686509
351354
498156
655838
312312
970491
588464
503842
240232
738323
386720
275162
468613
155496
39137
453007
797897
351896
457699
867370
684343
366085
963391
330985
393484
345356
279264
703651
581657
783714
881272
396345
458508
961834
268935
372676
989207
470916
791722
668107
396345
975431
491882
260828
258835
673634
346322
110856
813451
728633
791722
157138
965014
586055
990130
200891
788154
955354
279264
255869
498156
687368
265134
556727
306468
591505
538929
541788
200891
651560
769040
445896
975431
257385
715897
621281
1
193209
561007
621281
279264
702295
653373
493821
437120
307319
2001
114377
498156
469787
39137
821506
588464
895600
492314
698817
498156
481298
865656
428953
521385
39137
477263
614005
401179
954540
744091
673634
687368
998219
572746
622923
401179
794106
821506
581861
744241
89146
750911
257385
637847
377946
390686
345356
834719
351896
51845
192207
399112
476308
494397
304313
538929
977487
38746
104847
401179
457699
483246
52995
120280
586055
155496
982058
459972
382346
345697
586256
609929
304313
756700
250418
581861
255660
693172
6888
728633
351896
230251
477263
444936
738323
875572
684343
192408
926572
637847
325680
257385
214422
989207
381497
960732
835020
393484
191910
167229
481298
346322
712560
9008
39137
414323
58109
627580
728455
294464
20570
95018
38746
825050
457699
881897
44119
794106
438017
586055
637278
104847
867563
608572
999517
744091
614005
895367
865656
887740
453007
526308
762549
438017
235120
348396
235120
977487
200891
867370
382346
163988
377080
62906
873951
476517
526308
899094
258126
255869
377946
250418
437120
821506
588464
413935
404526
527448
316100
83425
867563
806594
50898
637847
813451
744091
155496
698817
970491
748494
982058
947827
890453
881897
873951
136706
998219
247921
258294
778733
622923
191910
813451
835020
227907
381497
541788
495631
311444
463254
345356
794106
151565
907130
493821
58109
642362
73091
464176
622923
556727
520821
457699
50898
871762
503842
183746
265134
788154
779855
304399
346322
875572
684343
29944
381497
373388
464570
163988
463254
50460
788154
95018
279509
673634
825050
826031
179466
123584
227907
32057
2001
637847
813451
139865
119237
881897
744056
38746
607687
861376
396345
777851
58109
939431
444704
827004
821430
581657
588078
63398
916811
438017
325680
975431
20570
526308
116373
556727
217015
834719
401179
926572
583347
204995
982058
437120
553072
403436
63709
251273
279264
783359
396232
726368
136706
542872
614618
43614
299336
829306
596527
651560
655375
622720
932492
214422
965014
788154
609929
214422
684129
118325
948649
307319
835020
726368
538929
607687
1862
965014
372676
651560
990432
652338
561007
693898
837586
251273
404526
463254
684129
318994
366085
205454
494397
899094
120280
477263
703651
58109
916811
887740
393542
139865
381497
890453
965014
583347
73091
351354
614618
982058
250418
377080
498156
748494
377946
738323
162343
175709
541788
948649
586256
699263
693898
366085
277128
498156
755788
403436
327558
642362
366108
192207
273740
799302
355657
29944
316100
520821
653373
561007
698817
520821
806594
464570
525316
386720
827004
726368
79861
204995
821430
4802
762549
445896
444704
895600
961834
347379
116373
324385
147030
788096
803945
399349
20570
38746
690918
438017
703651
304399
163988
79861
875300
806594
982320
682208
884320
6888
463254
777851
744091
785259
825050
947827
588464
207818
607765
726368
110856
607687
738323
366108
918956
702295
393484
655838
151565
698817
798448
4802
247026
728455
193209
94380
491882
637847
255660
251273
525316
85212
401179
460047
964461
204995
989207
476308
643230
8942
457699
400507
94380
377080
686509
4802
561007
735900
829306
591505
63398
829138
928545
1862
817545
182083
581657
99194
538929
79861
881272
686509
428070
444936
39137
498156
527448
99194
399349
622923
294464
542872
508323
867370
750911
290568
75956
481895
464176
240232
698817
794106
572746
325680
82798
748494
9694
58109
313268
63709
693172
483246
73091
2001
581861
91742
878627
990130
878627
14965
207928
964461
182083
787270
887740
779855
586055
119237
666333
607687
247026
748494
875300
821430
155496
597021
175
175
51845
192207
453007
9694
123584
457699
381497
939431
193209
311444
285993
588464
799302
5648
258835
250418
413935
295322
192408
581861
16983
699263
456911
687368
899094
783359
265134
521385
366085
878627
304399
204995
257385
881897
528630
355872
503842
607765
503842
788154
428953
990130
555520
881897
179466
637847
614005
366085
395698
79861
192408
825050
58109
947827
230251
917417
553072
227907
444936
655286
673634
329884
569210
268935
200891
294464
73091
630053
110856
384062
859187
351354
198600
538929
77662
608572
260828
39137
457595
240232
797897
918956
8942
123996
29944
456569
104847
817545
282681
799302
118325
169271
755788
666333
358489
698817
351354
726695
871762
918956
191590
386917
878627
9694
462923
657426
834032
330985
377080
637278
9694
748494
162343
255660
538929
169271
162343
798978
406560
288642
569210
586055
591505
8942
277128
867370
444936
657426
95018
887740
556727
977487
355657
346322
744091
194512
899094
495631
581861
684129
2001
91742
756484
377946
798448
900985
827004
607687
91742
235120
489499
618016
699263
961834
377946
581657
194512
520821
95018
890453
393484
728633
481895
444704
77662
163988
910978
307319
384062
791607
399112
396232
140167
875572
110856
528630
799302
890453
390686
119998
407447
686509
445896
323503
104847
102075
118472
330985
728633
900985
285993
813451
759528
256867
175
328228
783359
821430
791607
469787
837586
990130
666333
491882
441991
268935
526308
569210
491882
377946
44119
468613
192408
963391
191590
395698
655375
240232
756700
556727
373388
273415
110856
463254
655838
945308
191910
94380
299336
428953
521385
402944
118325
306468
198600
788096
89146
655838
309559
183746
16983
458508
865656
693488
179466
212651
366085
312312
948649
358634
747646
190369
316100
193209
954540
637847
399112
611036
571476
82798
291650
104847
879074
109572
255869
301066
271675
1862
765857
58109
366085
714320
63398
735900
82798
804290
193209
508323
82798
316100
260805
835020
457595
969948
4802
728455
881272
703651
596527
783359
939431
525192
250418
771390
345356
787270
591505
346322
453007
969172
258835
99194
194512
902731
895600
954540
438017
821506
77662
642162
747646
250418
83425
865656
345356
347379
273740
609929
255660
4802
827004
969948
327558
139865
457595
408191
328228
495631
358489
955354
878627
744091
682208
392439
328228
104847
456911
586055
926572
463254
948649
63709
163988
556727
926572
861376
960732
373388
230251
982058
799302
217015
651560
377080
94380
182083
214422
542872
324385
571476
255869
804290
182083
693172
713659
39491
875572
455457
250418
723767
765857
345356
788096
358365
788154
4802
873951
671506
637847
460790
768876
110856
29944
230251
255869
609929
458508
481298
271675
240232
279509
887740
975431
693898
9694
525192
279264
227283
783359
779855
444936
240232
806594
288642
715897
728455
750911
671846
366108
926572
255869
932492
389226
825050
699263
759577
837586
526308
804290
759528
875300
798448
748203
305131
657426
588078
586256
693898
82798
32057
458508
240232
947827
1862
874142
948649
783359
538929
945308
681169
52995
586256
498156
735900
396345
765728
401179
485153
260828
39137
778733
980119
329884
459972
627580
396232
787270
324756
465098
348396
192207
596527
527448
458508
526308
63398
525316
305131
693488
311444
588078
726368
744056
803142
498156
198600
762549
902731
693172
215928
83425
457699
294297
120280
744091
279509
227283
470916
312381
979371
200891
294464
960671
525192
778733
50898
39137
79861
162343
285993
744241
258126
492314
699263
687081
469787
44119
20570
744241
470916
195749
777562
230251
744241
140167
136706
271675
989207
82798
372676
377946
861376
483246
588464
358365
63709
1
481895
351896
917417
273740
365564
14842
756484
482711
631717
660917
51845
9694
58109
207928
109572
964461
973135
622923
194512
651560
631717
969172
542872
282681
306468
917417
14965
902731
351354
456569
671506
313268
279509
630053
19797
381497
462923
703651
542872
294297
765857
728455
585909
490443
399112
702295
286425
867370
460047
327558
413935
312381
251273
633662
595458
684129
56818
279264
175
444704
490443
255660
155496
255272
906394
328228
323503
771390
774717
403436
728455
365564
777517
5648
255272
922298
207928
990432
381225
714320
114377
811243
136706
365564
541788
498156
4802
652338
458508
329884
783714
698817
400507
255660
978383
52995
351896
756484
520821
693898
8942
123584
586055
52995
607765
285993
304313
926572
85212
671846
258835
91742
631717
481895
147030
324385
255272
907130
887989
370406
969948
713659
258294
146698
161308
63709
445896
666333
771065
365564
705228
916811
15105
651560
169271
164356
827004
444936
358489
922298
301066
586055
83425
386720
791722
755788
612575
167891
627580
255660
748203
586055
585909
273740
666333
687081
268935
329884
462256
630053
227283
465098
393484
825050
39491
460790
572746
521385
907130
17824
305131
457699
118325
8942
618016
389226
969172
491882
294464
393542
207818
236997
964461
464176
748494
507553
469787
553072
637278
979371
113861
498429
518023
982320
230251
581657
118325
324756
58109
193209
56818
774717
759577
526308
494397
104847
393542
381225
192207
227907
6888
945308
954540
910978
525316
147030
755419
926572
455457
273415
978054
351896
437120
6888
311444
777517
653373
801504
642362
862208
167229
520821
73091
312312
498156
979371
576405
279264
377946
577916
191910
783714
204995
155496
140167
726695
477263
358489
813451
462545
116373
596527
607687
386917
797897
607765
756700
330985
900985
771390
345356
712637
355872
441991
788154
748494
525192
366108
597021
735900
788154
2001
275162
393484
750911
400507
765728
63709
779855
902731
990432
464570
313268
120280
835020
588078
744091
476308
614618
705228
990130
404526
465098
62906
955354
653373
151565
169271
39137
978383
550024
457699
900985
869486
817518
901115
104847
175709
282681
713659
50460
94380
119237
372676
756700
205454
759577
485153
750911
217015
279509
657426
684343
456569
810426
933839
455457
693898
804290
94380
256671
581657
965014
251273
441991
555520
299336
62906
960671
756484
947827
439204
416386
597021
136706
490443
612575
797897
652338
386720
457595
947827
687368
905965
928545
550024
622923
355872
465098
373388
738323
723767
465098
327558
34376
827004
917417
655286
395698
441991
162930
404526
540751
900985
490443
295322
455457
999517
85212
402944
215928
407770
783714
939431
963391
34376
227283
481298
43614
769040
2001
401179
288642
998219
555520
611036
444704
9008
83425
581861
493821
85212
476308
460790
633363
155496
867563
862208
157138
428953
874142
932492
456569
271675
586256
961834
255660
67994
791722
738323
343197
481895
459972
829138
16983
191910
304313
294464
469787
791722
191775
712560
258835
373388
140115
881272
581657
167229
960671
9008
630053
887740
304313
170004
655375
1862
9008
258126
799302
577916
901115
183746
462256
655838
928545
562264
355872
345697
4802
109572
15105
85212
38746
791722
980119
182912
867370
859187
282681
39137
475876
441991
712637
785259
20570
576405
403436
120280
748494
702295
771390
247026
686509
671846
321565
407447
438017
652338
838049
214422
358634
458508
834032
235120
887740
48880
652338
673634
256867
29944
407447
901115
933839
982320
277128
481298
407447
533212
475876
301066
346322
960671
395698
643230
759528
738323
576405
207818
230251
400507
586256
386071
494573
91742
445896
999517
456569
258835
50898
56818
194512
230251
372676
655286
260805
403436
346565
895367
756484
712637
52995
875572
901115
867563
428070
507553
490443
453007
444704
500415
217015
586256
933839
482711
316100
965014
309136
614005
255869
273740
861200
614618
235120
655838
447142
856514
301066
859187
500415
355657
586055
607765
495631
91534
328228
345356
439204
762183
788096
797897
554922
292732
227283
867563
901115
801504
279509
527448
50460
91742
643230
726368
777562
969172
838525
219911
147030
672321
581657
273415
204995
390686
207928
183636
829306
277128
393542
193209
60155
713659
541788
83425
151565
305131
155496
247921
596527
459972
596486
109292
507553
366108
829306
285993
748494
464570
687368
954540
464176
258835
744091
618016
756700
618016
879074
183072
386720
875300
485153
255660
109292
671506
585644
747646
813451
85212
481895
279264
865656
471879
965014
123584
438017
948649
140115
798448
393542
58109
60155
17824
214422
119237
585644
147836
15105
553072
778733
969184
699263
1862
811243
977487
384062
726695
900985
682208
978054
630053
147836
969172
9694
788096
73091
194512
140115
642162
191775
323503
740184
687081
975431
471879
123584
453007
431361
147030
788154
476517
477263
779855
686509
622720
771065
906394
376831
395698
161308
162343
204995
538929
279264
969948
192408
162343
167229
690918
533212
251273
862208
83425
457595
1
444704
402944
290568
277064
932377
783714
585815
114828
835020
161308
48880
324756
1862
99194
257385
752604
540751
513087
973135
304313
998219
477263
56818
63709
960732
230251
838525
20570
273740
588464
332278
990130
384062
660917
788154
384062
29650
503842
269835
585815
778733
771065
801504
817545
275162
459972
465098
67952
871762
301066
573480
723767
255869
750911
275162
247921
880546
738323
386917
17824
14965
305131
895600
939431
616804
687512
355657
482711
715897
899094
955354
540751
712637
618016
826031
531031
583347
183072
9008
124610
778733
312312
618016
490443
351354
475876
979245
271675
527448
236997
464176
227283
614005
294464
655375
726368
294297
39137
167229
67952
963391
614005
756700
2001
157138
748203
193209
241169
292732
684129
998219
373388
272794
17824
157138
392439
492314
825050
614618
817518
321565
982058
364915
875572
123584
191775
155496
278201
260828
627580
508323
887740
205454
637847
726368
34376
476780
463254
643230
607765
726368
469787
17824
190369
538929
693172
268935
38746
550024
521385
185934
655375
744241
209335
862208
368792
282681
123996
932377
278201
980119
290568
290568
777851
366108
212319
232379
762549
77662
554922
655286
462923
458508
183072
811243
73091
190369
209335
113861
191775
631289
821430
104847
241169
633363
614618
489499
998219
39491
969948
525316
60155
355872
874142
713659
428953
826031
417377
803142
355872
332487
553072
290568
306468
507553
332487
301066
258126
217015
932492
428070
595458
217015
585815
834032
591505
571476
652338
468613
95018
351354
684129
702295
43614
62906
550024
327558
588464
871762
804290
102075
299336
779855
462923
759528
977487
311444
44119
947827
934638
464176
258294
292061
408191
586055
124610
392439
9694
118472
79861
794106
744241
312312
508323
39137
157138
163988
255272
874142
744241
875300
982058
500415
192408
332278
185173
278356
277064
977487
815005
900985
114828
880546
396232
444936
965014
703651
401179
275162
404526
583347
553072
330985
878627
457699
631289
887989
324756
990130
207818
538485
980119
585909
351354
428070
273740
395698
85212
116373
386720
312312
585304
879074
900985
194512
978383
525192
895367
783359
627580
436025
193235
227283
399112
616804
212319
147836
109572
458508
477263
118325
136706
100032
456569
17824
934638
214422
614618
109292
595589
285993
542872
879074
621281
204995
540751
905965
332278
101863
95018
713659
947827
327125
476308
190369
60155
313268
50898
811243
241169
56818
292732
91742
673634
358489
119998
973135
971531
193235
884320
714320
316100
91742
65509
748203
301066
358365
279509
264165
476517
471879
990130
703651
777851
982320
273415
313617
446646
51845
386917
402944
687512
324756
821506
813451
542872
390686
324756
475876
835020
24476
457699
470916
756484
67994
907130
271675
525316
192207
756484
399112
902731
155496
329884
933839
318994
755788
118472
948649
989207
838049
441991
329884
963391
366085
256867
345697
748203
32057
581861
713659
436025
614618
99194
436025
687512
240232
389226
119237
528630
690918
288642
198600
554922
612575
803142
798978
813451
667256
305131
258835
726695
577916
595458
595458
933839
769040
469787
299336
82798
50460
392439
5648
104847
118472
890453
348396
726695
850377
232379
756484
364915
463254
977487
16983
110856
622923
464570
368792
476308
162343
637278
553072
494573
928545
386720
829138
617223
85212
123584
183746
192408
838525
364915
460790
788154
136706
260828
441991
631717
313617
878627
279509
982058
821430
803945
373388
829306
44119
787270
305131
880546
39137
529771
264165
460790
1
774717
324385
250418
501438
392439
821506
413935
879074
459972
204995
16983
343197
257385
114828
982058
926572
182083
278201
887740
458508
538485
817545
311444
748494
768876
292061
803142
273740
655838
660917
468613
529771
798448
417377
169271
961834
529771
328228
829306
748203
726695
123584
407884
581657
93391
791607
881272
477263
657426
328228
384062
456569
777517
372676
136706
198600
191775
621281
873951
91534
288642
668107
119237
389226
94380
702295
73091
183072
821430
727618
240232
31821
285993
874142
969172
826031
101863
492314
329884
462545
14842
835020
9008
699263
290568
309559
837586
489499
834032
346449
63709
85357
677008
192207
765644
875572
703651
417377
916811
272794
609929
966928
573480
109572
762183
588464
630053
212319
971531
478583
680434
627580
224351
597021
439204
297345
879612
861200
571476
60155
637847
999517
462923
934638
878627
265134
288642
817545
51845
32057
147635
794106
692717
899094
895367
38746
95018
867370
989207
759577
681169
586817
713659
621281
39137
585909
355657
690918
948649
562264
501438
185173
905965
358365
954540
83546
377080
306468
413430
871762
811243
456911
417377
366108
687512
307319
139865
871762
195749
358489
821430
990130
255869
108927
686509
147030
979245
990432
85212
572770
490443
424203
982058
831231
255660
627580
834032
108927
297345
169271
861376
31821
332278
332487
483246
183746
269835
869486
17824
52995
162343
200891
660917
765857
939431
378337
343197
446646
899120
712560
791722
167229
581657
193209
611036
93391
788154
620192
581861
561007
481895
687512
16983
256671
762549
554922
29650
693898
748203
595458
881272
621281
320701
140167
408191
366108
459972
886934
38746
771390
368792
577916
251273
538485
907130
489499
918956
728633
332278
900985
40079
620192
616804
817518
365564
462256
185934
481298
464570
40079
831231
313268
616804
292732
715897
677008
682208
581861
516982
752604
209335
726368
372676
162343
399112
99194
818199
346322
52995
581861
147635
370406
769179
455457
85357
34376
190369
453007
312381
17824
295322
516982
612575
637278
900985
320701
389226
382346
299336
966928
295322
494573
932377
240232
875572
346449
810426
83546
384062
179292
917417
867563
268935
643230
684343
309559
79861
91742
767298
887989
240232
895600
364915
219911
910978
345697
485153
453007
104847
157138
407884
407770
765857
50898
642162
861376
755788
900985
555520
596486
591505
493821
464478
759528
124610
370406
585815
491882
617176
222634
175709
821430
690918
901115
978054
619139
258294
100032
297345
359044
834719
24476
275162
572746
498429
444704
348396
401179
756700
803945
396232
785259
966928
232385
771065
597021
83546
368792
525316
192832
157138
152242
521385
191775
309136
79861
268935
247026
762549
861200
538485
386071
79861
493821
934638
93391
693488
441991
295322
58109
561039
470432
102075
498429
561039
183072
179466
554922
850377
191775
323503
540751
40079
684129
447142
945308
157138
507553
896429
258835
119998
984145
118472
215928
550024
163988
963391
104847
756484
179466
925755
395698
459972
596527
207818
556727
887740
380777
798448
269835
573480
324385
712637
399112
396345
525192
964461
947827
861263
861200
183072
684129
723767
212319
100032
713659
767298
82798
619139
728455
399994
895600
609929
235120
279509
278201
978054
4802
827004
757933
195749
324756
413935
809712
305131
494397
498156
767298
500415
99194
119998
377080
377946
758444
916811
63709
464478
396345
917417
358489
292061
554922
607765
639669
407447
227283
457699
273415
611036
399994
538485
235120
278356
818199
999517
465098
437120
438017
265134
655375
783714
799302
93391
102075
457699
498429
205454
358365
290568
257385
275162
464478
183746
385013
895600
282681
690918
757933
945884
526308
714320
726695
477263
516982
236997
774717
955354
673634
492314
960732
756700
191910
859187
378337
850377
85417
748494
984145
758444
382346
937139
774717
493390
139865
193209
895600
446646
585304
596527
329884
738712
788096
192207
794106
119237
687368
274842
846165
319519
272794
19797
443959
494397
362861
15105
191590
9694
453007
641972
34376
593782
616804
60155
386917
345697
693898
408191
554922
399349
725089
65509
518023
585909
113861
791607
591505
645895
556727
313617
954326
192408
133725
273740
641972
183072
538929
403436
299336
916811
40079
381225
312312
485153
656944
655375
358365
48880
346322
896429
218267
219911
475876
444936
14842
955354
462923
376878
748203
437120
44119
119998
702295
945308
692717
529771
113861
677008
595458
185934
236997
821506
588464
699263
881897
428070
236997
586055
879612
667256
378437
101863
459972
193235
302508
8166
382346
93391
756484
290568
494573
377080
869486
355657
373388
755788
731729
399112
715897
207818
445896
738323
260828
124610
29944
945884
288642
4802
402944
301066
895367
907130
456911
884320
458508
386720
325680
345697
164356
571476
686509
728633
874142
175709
498231
93391
817545
500415
777517
113861
609929
703651
540751
63709
346322
947827
715897
170004
964461
359044
457699
251273
518023
255660
271675
232379
323503
493821
365564
255272
713810
431361
67952
756484
608572
193209
104847
414323
306468
218267
386917
354303
297562
212651
400507
274842
198600
16983
803142
6888
703651
895600
227928
6888
209335
622720
43614
48880
777517
513087
217015
809712
728633
247921
630053
998219
817545
190369
183746
965014
104847
806161
639669
518023
417355
656944
765644
769179
850377
324756
859187
769040
274842
268935
133725
354303
621281
327558
954540
345697
960671
183072
684343
345697
538929
157138
354303
712637
39491
368792
5648
191590
212319
695130
565915
345697
699263
630053
585815
494573
565594
774717
901115
190369
312312
470432
458508
982058
191910
215928
431361
456911
755788
260503
702295
376831
459972
527448
619139
255660
779855
527448
655838
713368
329884
652338
555520
738712
756700
147030
762183
460047
147635
1862
377080
987637
255272
222634
657426
512449
443959
693488
401179
67952
327558
734236
687368
185173
384062
453007
260805
182083
218267
799302
971587
191590
96085
881897
713368
256671
324756
963391
288642
588078
347379
485153
401179
756700
630053
762183
386720
961834
687512
191775
550024
364915
324385
294464
264165
964461
179292
463254
192207
260805
755419
417377
468613
498231
627363
817518
618016
301066
29944
553072
498231
331142
354303
493821
316784
75956
521385
954326
699263
347379
508323
147635
978383
655375
738323
797897
93391
67046
8942
100032
521385
881272
313617
167891
9008
191590
631289
821430
83425
390686
462923
58109
861200
734236
183746
999517
867370
457595
818199
971531
758444
396232
320701
915527
794431
597021
101863
359044
88002
965014
124610
73184
214422
693898
494573
978054
490125
464570
241169
351354
407447
759577
457699
147081
470432
416386
513087
901115
489499
413430
859187
585909
788154
738323
400507
861263
470149
826031
947827
226280
631717
712560
799302
396345
362755
476308
232379
147635
487559
91742
939431
1
161308
477263
945884
818199
192207
672321
588464
765728
113861
990432
212651
980119
837586
979245
771390
198600
79861
328228
691613
642162
209335
588464
255869
56818
183636
879612
313617
533212
922298
838525
713810
207928
466043
966928
969172
681169
494397
631289
738323
922298
6391
769179
428953
620192
312381
960732
809712
614005
438017
969948
980119
147081
260503
51845
871762
264165
917516
445896
555520
748490
399349
251273
592644
984145
572746
728455
806413
381225
545968
906394
890453
295322
712637
213060
939431
829138
746787
926572
413935
376878
372676
993152
476780
428953
620192
370406
932377
179466
856514
390686
490125
886934
837080
792686
655286
652338
478583
750911
879612
783714
294297
655286
684129
260503
783714
984643
500415
653373
965014
79861
14842
821506
109292
170004
494573
586256
834719
607687
362755
18561
922298
955354
798448
695130
329884
960732
538929
457595
607687
491882
622720
771065
918956
295322
331519
192207
9008
856514
757933
147635
193235
277064
200891
390686
901115
973135
748494
774135
865656
456911
250418
89146
358365
806594
377080
258835
17824
616804
82051
288642
490125
116373
260828
176653
813451
167891
277128
963391
695130
581657
191590
380777
181361
453007
960732
82051
811243
366085
573480
571476
355872
83546
858016
569210
487559
884671
329884
309136
5648
286425
324756
426888
572746
550113
446646
358634
402944
82051
118472
34376
794106
463254
124610
465098
577916
441991
299336
969184
162343
73091
715897
470432
183072
67994
653373
608572
693172
783714
214422
297562
979245
734236
934638
973135
470149
945308
372676
438017
928545
771065
858016
608572
377080
309559
746787
426888
191775
417377
430585
207818
108927
264165
460790
240232
788154
850377
9694
183746
595458
973135
258835
399349
456216
811243
316100
332278
277064
976129
899120
413430
692717
109572
937139
88002
382346
803142
395698
922298
207818
969948
265134
470916
460790
884320
765644
538485
319519
458508
255660
377946
376831
56818
232385
255869
119998
407447
777562
476517
113861
119998
477263
8166
195749
182083
44119
257385
460047
518023
401571
268935
783714
680434
699263
762183
865656
227283
459972
540751
978383
164356
910978
297345
702295
175709
192207
328228
260828
821430
979371
307319
561039
407447
643230
494573
642362
343197
655286
867563
444936
82798
382346
436025
925755
895367
541788
875300
803945
19797
879612
169271
319756
414323
699263
256867
747646
813451
240232
788096
632776
305131
788096
219911
108927
977487
476308
462545
794106
837586
777517
917516
378337
343197
627363
426888
85357
971587
875361
485153
258294
875361
526617
313461
193209
312381
597021
561039
346565
673634
982320
607765
696110
60155
286425
460790
757933
355872
900975
355872
703651
191775
331142
213060
91534
867563
686509
744091
38746
392439
397263
687081
690918
756700
182912
278201
224351
765857
783359
378437
392439
696110
311444
983609
295322
744241
259009
407447
219911
364915
691613
916811
684343
320701
381225
835020
6391
973135
312381
167229
518023
752682
880546
887740
464570
275162
58109
285144
207928
19797
999517
190369
817518
947827
887740
566917
869486
777517
176653
982058
566917
370406
430585
279509
351354
581657
44119
191775
275162
91742
323275
185173
260503
19797
459972
52995
771390
765644
120280
759236
746787
769179
88002
696110
982320
748490
381497
273415
990432
275162
553072
612575
256867
970491
314907
585909
910978
50898
945308
642362
118325
56446
596486
821506
791607
227928
116373
73091
255869
693898
787270
887740
758444
881030
378437
607765
291650
1
313617
123996
984643
779855
762549
306468
464478
783714
413430
960732
657426
526308
859187
365564
378437
794106
727618
272794
890453
393484
133725
825050
900975
907130
219911
113861
460790
256867
567439
332487
373388
818199
926572
377946
777562
398157
247026
910978
278201
313617
713659
73091
835020
346565
990130
989207
147081
834032
925755
641972
77662
715803
926572
846165
621281
471879
612575
880546
989207
727618
735900
698817
73091
331519
569210
917516
752682
917417
982320
207928
810426
655838
998219
725089
313461
995994
633363
124697
627580
63398
779855
462256
207093
759236
277064
191775
241169
120280
636986
769040
109292
787270
541788
642362
692717
227283
487559
15105
181361
794431
769669
691926
102075
564147
631289
190369
572746
581338
682208
871762
19797
905965
91742
826031
622923
377946
460047
56818
705228
759577
910978
359044
740184
95018
881897
60155
395698
313268
693898
825050
67046
518023
416386
278201
934638
417377
279509
960671
622923
269835
462923
545154
671846
947827
323503
971531
319756
518023
565167
416386
109572
987637
769179
393542
492314
792686
255869
490125
482711
585644
588464
831231
4802
705228
123996
250806
291650
803945
696110
705228
273415
319756
498231
97288
453007
585909
973135
641972
123996
346449
364915
910978
692717
965014
945308
581338
181361
191775
498156
162930
251273
43614
698817
476780
713810
576405
476517
825050
725314
324385
127760
691613
777517
227283
170004
327558
73091
466043
17824
690918
85212
273415
663659
490443
354303
491882
887740
493821
768876
960671
878627
975431
785259
825803
96085
101863
750860
983609
191775
354303
325680
489499
366085
192832
478583
507553
487559
227283
512449
831231
637278
377080
457595
783714
989207
687081
979371
48383
32057
978054
837080
900975
526617
769179
133725
566917
330212
932492
879074
236997
834719
620192
331142
813451
666333
512449
292732
393484
101863
359628
73184
407447
496240
109292
690918
75956
785259
299336
526617
975431
651560
431361
990432
393926
5648
91742
358489
653373
652338
345697
453007
358634
810426
59291
373388
642162
878627
453007
756700
431361
240232
269835
899120
16983
235120
691613
970491
456569
286425
428953
727618
987637
226280
620192
441991
637847
278356
260828
355657
385013
147635
983609
318994
114377
965014
607687
193235
191775
8942
355657
332487
862208
393484
393484
465098
260805
813451
351896
63398
482711
65509
538929
417355
858016
756484
887989
278201
987637
801504
201252
332487
783714
227283
693898
821430
687081
818199
767820
528630
607765
205671
861200
521385
861200
869486
489499
260828
17824
611036
542872
364915
969184
170004
393926
194512
182912
887740
321087
393484
278356
201728
778733
320701
979245
934638
458508
738323
541235
399994
562264
240232
657426
163988
984145
151565
856514
1788
324385
672321
774717
485153
525192
939431
531031
762183
195749
811243
386071
377946
928545
966928
899120
588464
905965
152242
230251
965014
260828
533212
990432
906394
330985
366085
151565
386917
119998
406560
861200
359044
759236
343197
507553
976129
19797
56818
879612
708019
560115
973135
95018
463254
29650
147081
398157
937139
14842
476308
470149
586817
762183
768876
878627
518023
313617
990130
705228
620192
771390
585815
366085
806161
576405
348396
591505
900975
682974
498429
355872
774717
439204
194512
282681
651560
565167
554922
642362
294297
378437
302609
850184
119237
562264
899120
699263
752682
867563
838049
494397
880546
748203
330985
687081
655286
656944
577916
306468
493390
713659
641972
438017
838049
471879
561039
345356
493759
979371
581338
562264
494397
120280
691613
4802
620192
961834
858016
8942
811243
408191
783714
428953
767298
699263
183746
607687
762549
973135
77662
899094
358634
581657
399349
576405
801504
738323
627580
67046
777562
525316
746787
837080
970491
192207
550024
17824
443959
867882
222634
995994
63709
359044
399112
545154
746787
503842
627580
846165
595589
498429
566917
399112
643230
960732
224351
687368
52995
48383
809712
881272
799302
82051
201252
358489
725089
712560
175709
964461
407770
740184
209335
224351
752682
702295
490125
175709
59566
791722
65509
850184
391388
292061
169271
140115
321565
76247
496240
173636
455457
960671
396345
964461
881272
378437
744056
971531
861376
538929
490443
378337
192408
351354
521385
738323
51845
715803
476308
895600
358634
884320
97288
464478
673634
464570
728455
295322
622720
633157
260503
687368
834032
63709
545154
155496
118472
978383
301066
96085
783359
170004
124697
838049
526617
895367
500415
185173
109292
529771
900975
585909
975431
913549
703651
285144
513087
765857
224351
533212
157138
316784
368792
251273
999517
62906
16983
735900
884671
933820
637847
120280
417355
728633
531031
161308
683468
308739
614005
415133
396232
321087
498156
542872
744091
881897
945884
224351
413935
585644
209220
286425
759528
813451
189377
669119
526617
666333
978383
205671
794431
91534
774509
725089
368792
756700
219911
191910
655687
821430
687512
585909
386917
343197
990130
955354
62906
516982
330765
475876
827004
182083
672949
255660
247026
313461
765857
672949
725314
660917
378337
913549
391388
392434
583347
528630
147030
274602
397263
395698
444704
29650
358365
175
382346
247026
294464
494397
162930
858016
531031
294297
990130
393484
457595
596486
982058
528055
792686
542872
837080
100032
319519
748494
212319
399112
526617
205671
679201
496240
278356
478224
445896
734738
607687
40079
355872
713659
954326
215928
971587
384062
752604
528630
982058
425004
964461
765728
983609
754341
20570
209335
63398
896429
762681
561039
728633
76247
948649
256867
713368
501438
752604
932492
140115
382346
34376
825069
774509
783359
526308
560094
871762
416386
345356
762549
463254
883096
327555
444936
616804
219911
496768
9008
491882
380777
89202
990130
404526
592644
715803
464478
858016
778733
774135
591505
682974
695130
636986
467711
467945
457699
192207
501438
928545
788154
754217
227928
875300
965014
456216
576405
616804
292061
439204
51845
554922
327555
520821
481298
895600
93391
162343
588464
426888
367587
792686
313268
127760
1862
567439
825050
425004
586055
731729
436025
917417
740184
44119
443959
401179
146698
51845
642162
656944
614618
567439
619139
794332
907130
699263
691613
475876
884320
204995
291650
193209
493759
874142
990130
201252
366108
417355
925755
643230
806033
44119
791607
925755
915527
939431
147635
485153
351896
538929
869486
104847
20570
241435
95018
323275
437120
791607
258294
518023
542872
367587
925755
118472
273740
799621
46362
878627
698817
182083
762681
886
348138
462923
297345
834032
850377
589219
282681
63709
655687
456216
462923
485153
779855
679201
637847
376831
765905
114377
933820
503842
14842
566917
119998
5648
900975
255272
818199
641972
586256
113647
806033
643230
984145
881897
355872
424203
358489
980877
561007
286425
973135
346322
58109
601004
596486
99194
73184
362861
541788
417377
163988
711241
207093
308739
313053
100032
656944
989207
151565
712560
897447
241435
747646
272816
48880
436025
947827
516982
382346
865656
9694
319519
455457
110856
88002
362482
651560
815005
328944
459972
313053
215928
351896
250510
242907
297345
821506
116373
735900
456911
900975
400507
925755
330212
147030
896429
147836
632959
155854
677008
104847
655375
288642
48383
528055
378437
232379
251273
407447
564147
954540
358489
620530
193235
610444
176653
8166
969184
8942
398157
155854
251273
147030
416386
573480
811243
709206
687512
364915
677008
966928
279264
428953
161308
18561
744241
416386
886934
110809
963391
910978
209335
250418
581861
231049
413935
641972
933820
325680
185173
456216
585644
194982
922298
881897
467711
481298
63398
806413
355872
448393
792686
285144
846165
259009
428953
771065
691613
324756
14842
359044
63709
358634
402944
861376
651560
393542
255869
188230
277064
201252
572746
503842
740184
771065
181361
93391
581657
355657
989207
5648
188230
269835
631289
459972
811243
806413
754217
290576
499013
163988
46362
561039
358634
533212
645895
167229
355657
382346
932492
327558
817518
268935
250418
335046
247026
954326
194512
332024
829138
521385
725314
980877
843088
255869
285993
163988
157779
778733
191910
457137
508974
758444
553072
321565
528970
846165
431361
869486
531031
313053
865656
564147
354303
403436
647961
476517
50898
788154
85417
444704
325680
91742
324066
770459
173636
428953
755788
393542
323275
671846
212651
925755
323503
136706
726368
312312
454088
585304
758444
380777
99194
738712
272816
384062
314907
794106
984145
227283
50460
561039
183746
311444
247921
241435
377080
726368
748490
597021
838525
690918
443959
945308
287081
747231
377946
937139
798448
318994
140115
933820
60155
62906
327125
378337
686509
225564
83546
879612
979245
622720
687368
525192
372676
493821
233276
895367
307319
304399
528055
235120
937139
399112
470916
834032
811243
750911
63476
880546
120280
462256
323503
686509
663659
476308
376878
661262
595458
827658
478224
608572
346322
734738
428953
62906
444704
493390
471879
660917
886
713368
207818
478583
321565
381497
768876
846165
647961
161308
295322
246557
498429
783359
140167
712637
728455
299336
260805
32057
324939
762183
541109
299336
586256
861263
669119
913549
316100
151565
147081
618016
973135
783359
274602
225564
476517
258126
806161
760056
213060
428953
382346
83200
162930
39137
108927
436025
708751
260828
622720
51845
282681
491882
673634
120280
643230
803945
794332
294464
616804
783714
832497
541235
195868
312381
867563
400507
2002
164356
660917
569210
446646
767298
493390
336679
818199
774717
642362
29650
690918
960732
462545
120280
438017
265134
466043
633662
155496
477113
241435
476517
597021
723767
399112
631289
343197
645895
991974
778733
899094
285144
258294
255660
48383
748203
610444
797897
73184
811243
794332
883096
572770
948649
15105
982058
163988
592644
382346
256867
884320
426888
946213
867370
771919
453007
541235
39491
983609
124610
584749
309559
762549
969172
83200
806033
205089
978483
138046
867370
738323
332487
179830
379403
696110
313617
969184
679201
313053
406560
82798
806161
947827
752604
937139
59291
754341
619139
120280
684343
483246
586256
118472
487559
191590
861200
274842
715803
774135
269835
400507
875300
835020
541744
361215
294464
381497
232385
467273
861200
528055
324756
738712
887740
324385
200891
585644
398157
448393
899094
77541
205454
553072
747231
895367
329884
541235
97288
708019
817545
272794
804290
413430
861200
817518
324756
273415
179466
255272
759236
380777
381497
728633
756484
335046
907130
937139
794106
331821
528055
272816
393484
415133
313268
655838
560094
275909
110809
277128
557861
456569
858016
977487
65509
738712
481895
308739
750911
50898
335046
138046
990130
961834
365564
398157
287081
896973
373388
59291
290568
663659
190369
482711
661262
887740
139865
818199
179466
297345
444936
728455
727689
560094
393542
124697
2002
362482
29650
765644
765644
526617
94380
110856
528630
633363
683468
6391
726368
438017
641972
307319
390686
797897
173636
182083
491882
631717
4681
735900
438017
260805
966928
684343
265134
875361
666333
586256
601004
769669
358365
922298
655286
215928
227907
329884
596486
258702
242907
494397
661262
726695
36960
462256
712637
581861
358489
264165
170004
632776
860664
279509
169271
185173
639669
390686
516982
809712
681169
728633
63398
762183
329884
462256
164356
2001
834032
161308
661262
355872
167229
358489
362482
837080
181361
348138
82798
731729
305131
765644
565167
118472
308739
679201
630053
224351
113647
939431
621281
181694
346565
34376
351896
581338
794431
667256
681169
233276
928545
318994
197073
396345
731729
79861
762681
308739
399994
727618
528630
545968
402944
858016
198600
495631
585644
717598
207928
794106
151565
788154
50460
476780
288032
65561
246557
529771
436025
193235
969948
725089
581338
703651
56818
97288
286425
63476
934638
205089
403436
20570
617176
358634
207093
438017
294297
859050
494573
937139
408191
824819
572770
512449
655838
891145
902731
871762
910978
456911
932377
52995
633363
320701
260828
982320
561007
363318
230251
448393
9694
470149
155496
331142
573480
875361
1
899094
260503
456911
586817
886
971587
672949
393926
162930
242907
123584
133725
191910
588078
191775
102075
19797
693488
201728
438017
895600
217015
259009
225564
725314
63709
824819
446646
760056
162343
708751
762183
6888
744556
19797
444936
484731
867882
597021
20982
728645
752682
38746
500415
269835
457137
622720
899094
458508
540799
726695
798978
525960
493390
824819
466043
507553
4681
799621
632776
127760
34376
757933
485153
636131
318994
493821
304313
75956
702295
837080
227928
257385
355872
314907
806161
995994
533212
43867
805978
17824
995994
934638
832497
909408
498156
175709
235120
20982
976129
564147
279264
476308
46362
309136
607687
525316
97288
897447
48383
226280
976974
971587
290576
821506
233276
998219
469787
691613
453007
95018
647961
820671
381225
750911
351896
867882
460047
258702
715897
162343
351354
365564
829306
714320
687512
717851
183072
748490
264165
327522
874142
767820
567439
183746
82051
900985
308739
899120
596527
6391
821506
85417
821430
379403
456911
197073
38746
192207
152242
589219
725089
355657
226280
879074
415133
393926
747646
236997
540674
195868
324756
916811
6391
478224
748490
65561
299336
831231
50460
806161
734738
867563
277128
88002
200891
525192
313053
994081
288642
113861
299336
748490
777851
493759
755419
690918
881030
620530
133725
679201
565594
1
630053
299336
119124
288642
715897
925755
373388
555520
404526
609929
82051
313053
948649
476517
313268
759528
831231
738323
794332
791607
457137
884320
805978
286425
491882
991974
400507
200891
630053
527448
810426
767298
520821
130139
191775
161308
663659
748203
882612
1788
351896
496768
257385
682974
965014
430585
347379
83200
493390
38746
687368
279264
478224
163988
860664
38746
713810
659196
955354
136540
713368
332278
913549
879074
109572
850377
869486
632959
195749
765857
82798
708019
93391
627363
39137
312312
783714
444704
709864
309136
278201
309559
311444
583347
432763
639669
456569
381225
618016
869486
491882
413430
359628
359628
351896
236215
984145
124697
101982
230251
169467
210266
942323
76247
271675
478583
494397
441991
656944
774509
379403
403436
324641
489499
691613
798978
358634
183636
183636
655375
162930
351354
182083
861376
970696
97288
88002
201252
631717
327555
290576
327558
260805
728455
192408
846165
617223
207928
875572
5648
693172
816097
820671
712637
292061
627363
179466
660917
357150
686509
319519
783714
679201
386917
804290
796781
154858
272816
250510
818199
173636
257792
294545
573480
490443
399349
192408
428953
882612
673634
230251
327555
67952
396232
617176
891145
147081
799302
1
667256
572746
441991
909408
67952
978054
519171
241435
444936
672321
179958
827658
850377
133725
362755
713659
767820
647961
20570
113647
945308
392439
862208
395698
572746
493390
293943
193209
406560
117148
174524
499329
567439
684343
351896
687081
573480
928545
265134
645530
749859
490125
24476
362861
246557
207818
526617
533212
91534
897447
462923
777517
222634
198600
978054
727689
709864
273415
682974
564147
364915
695967
765728
895600
414323
735900
346449
467711
498429
550113
358634
757933
777851
880546
456911
620530
586256
6888
769179
377946
726695
382346
407884
232379
62906
268935
155854
489499
881897
880546
38746
806161
193209
283136
118325
617176
312312
727689
756700
501438
709864
456569
653373
964461
954540
327125
113861
498429
755636
183636
750860
806033
496240
825069
791556
32057
458508
744556
755788
713810
895600
728633
489499
501438
250806
569210
147081
774509
656944
824819
597021
761364
765857
428070
672321
525960
462256
687512
434702
147081
17824
351896
396232
748490
346322
321087
883096
715803
241169
290568
401571
963391
820671
460047
609440
307378
527860
386917
555520
723767
241169
933820
887989
59291
887740
358489
788096
157779
308331
692717
476780
15105
470916
233276
553072
791539
622720
460047
476780
358634
735900
948649
984643
48880
363318
44119
323503
859050
432763
542872
886
614005
290568
861376
562264
733443
332487
574961
560115
825069
976129
194982
8942
324385
687512
794106
438017
14965
247026
875361
754217
164356
977487
179958
189377
173636
998219
406560
67994
139865
869486
982320
464176
431361
331142
955354
896429
52995
309136
44533
417355
490125
179830
520821
850184
330212
268778
297345
768876
291650
767820
219911
499013
803142
478224
469787
900985
585705
887740
247026
538485
566917
240232
415133
713368
815005
673634
470432
979245
879612
791556
238567
937488
268778
973135
34376
971587
291650
791722
560094
297345
216205
508323
195749
104847
231049
274602
687081
871762
201728
617223
633363
331519
359628
825803
572770
279264
477263
384062
218267
499013
444704
288642
101982
76247
884320
562264
588078
173636
462923
771390
470916
415133
555513
589219
542872
124490
817518
913549
672949
184445
581338
308739
759528
561039
677008
83200
633662
464570
728633
755701
785259
182912
29650
85357
250418
693488
900985
232520
258835
873951
470916
571476
332487
839645
278356
899094
205454
714320
325680
241169
147836
164356
140167
596527
184445
909408
247026
46362
980877
347379
82051
458508
265134
335046
210266
971531
979371
77578
843088
300694
456216
82798
105788
973135
607765
907130
679201
591505
478583
471879
273415
192207
234068
656944
73184
774509
292061
595458
589219
978054
324939
657426
726368
500415
1
258126
884671
961834
324939
806594
331519
238567
695130
110856
806413
779855
744056
656944
608572
641972
294297
990130
77144
255272
573014
232385
504592
682208
622720
6391
668526
750860
759
783714
611036
887989
859187
367587
147030
562264
616804
981940
285993
297345
666333
309136
359628
572770
755979
617176
241169
2001
850184
471574
89202
748494
882612
34376
690918
127760
494397
574961
272794
79444
757933
541744
674797
906394
668526
695130
291650
434702
879074
323275
403436
825803
417355
886934
118472
285993
817545
363318
205671
250510
769179
910978
733756
183072
308331
915527
695130
555520
464478
324385
124610
520821
755979
978054
620192
508323
140115
655286
550113
162343
232385
895367
995994
290576
379085
382346
247921
588335
185934
585705
641012
179466
397263
726368
413430
117141
399349
366085
816097
824819
647961
899094
561007
56446
476780
660917
933839
765905
692717
526617
684129
631289
133725
867563
798978
257105
8166
198600
235120
396345
426888
400507
623152
682974
5648
961834
185173
147836
837586
765905
922315
297562
846935
83200
63709
260503
581338
901115
67193
290285
561039
995994
799621
585815
576405
255272
140167
118472
316784
672321
740184
589219
978383
554922
731729
274602
456978
217015
444704
982242
854610
723767
620530
401571
233276
701357
152242
757933
990432
564147
192832
1788
735900
256671
767298
393484
1788
274842
174524
264165
186291
245407
815005
466043
434702
667256
395698
655687
757115
246557
700378
114377
484731
271675
351354
499329
978054
791722
170004
304399
734236
332487
909408
834032
518023
934638
351896
699263
302609
194512
585304
779855
456911
274602
382346
491882
981940
796781
189377
155854
937488
265134
728645
4681
493821
887027
928631
954540
792686
467945
424203
525960
400507
306468
545154
279509
113352
757933
40079
227928
759236
31821
40079
260503
14842
976974
859187
525960
528970
339989
212319
728645
609929
484731
715897
191910
67994
541788
770459
86322
122362
601004
616804
561039
439204
922298
588335
922315
970491
38746
692717
102075
195749
945884
668107
130839
361215
512325
117141
881030
545154
20570
238567
313461
85212
728633
114828
476517
198600
183746
762681
632776
447142
151565
827658
438017
801364
415133
616804
525192
477113
878627
321087
769040
519341
934638
632776
767820
820671
312381
527860
868487
201252
750911
895828
596527
185934
948649
679201
744091
67994
910978
308331
642162
979371
319756
542872
588335
274602
656944
881272
821430
204995
740184
182912
311444
176653
881897
391388
417355
817518
79861
91742
316100
232379
424203
791556
897447
36960
815402
227283
44533
995994
157138
6391
617176
871762
541788
178676
734738
531031
278201
462545
14842
300694
113352
6391
618016
873951
540799
642162
831231
655375
147081
136540
20982
499013
655375
409997
83200
810426
94715
457699
777517
810724
67952
380777
984145
525316
83425
