1
673512
673512
1
1
673512
1
1
1
673512
1
1
1
673512
1
673512
594124
673512
673512
673512
594124
432887
855906
1
855906
673512
432887
432887
1
673512
673512
1
594124
505462
594124
594124
594124
594124
594124
673512
855906
673512
594124
1
432887
432887
713307
505462
1
855906
713307
855906
594124
882207
432887
304452
713307
505462
673512
855906
713307
855906
137192
855906
882207
432887
304452
882207
882207
1
855906
505462
432887
882207
137192
882207
325378
713307
713307
673512
882207
505462
505462
1
137192
304452
137192
304452
1
855906
325378
713307
882207
855906
855906
882207
372508
210594
713307
432887
304452
882207
432887
304452
1
304452
882207
137192
1
325378
304452
713307
1
713307
882207
210594
882207
713307
372508
325378
673512
210594
566011
594124
432887
855906
855906
673512
855906
594124
210594
713307
997285
432887
505462
139078
304452
566011
566011
325378
210594
678984
210594
673512
566011
678984
697698
882207
304452
505462
210594
126590
697698
855906
678984
139078
713307
678984
1
432887
304452
594124
137192
670190
126590
713307
997285
997285
210594
505462
137192
137192
170854
170854
713307
649254
59017
997285
594124
594124
713307
1
1
230555
126590
505462
649254
566011
1
325378
126590
325378
304452
230555
882207
566011
59017
139078
210594
210594
566011
230555
997285
170854
126590
137192
855906
566011
566011
673512
304452
126590
678984
432887
210594
678984
1
325378
210594
59017
649254
882207
126590
882207
649254
670190
923544
649254
131840
210594
997285
170854
678984
678984
594124
170854
923544
505462
230555
855906
997285
566011
866008
649254
139078
170854
1
923544
131840
866008
882207
230555
670190
897584
59017
372508
670190
59017
505462
866008
678984
372508
866008
88898
304452
670190
432887
997285
505462
230555
649254
882207
678984
126590
48004
304452
137192
713307
304452
304452
855906
923544
566011
139078
923544
505462
923544
825378
137192
139078
325378
954898
325378
855906
670190
997285
678984
432887
649254
372508
126590
866008
954898
803132
137192
137192
178662
670190
670190
897584
446485
325378
697698
59017
170854
170854
210594
432887
139078
897584
432887
505462
505462
1
170854
131840
126590
59017
566011
997285
923544
882207
1
178662
866008
713307
131840
48004
697698
126590
997285
678984
210594
882207
137808
825378
594124
678984
594124
131840
616142
825378
649254
616142
86841
432887
594124
59017
321007
48004
825378
897584
166332
139078
86841
166332
166332
139078
210594
88590
210594
855906
594124
139078
673512
432887
649254
88590
318956
923544
670190
713307
304452
178662
566011
803132
139078
139078
139078
866008
505462
997285
88898
923544
170854
137192
973879
432887
372508
318956
973879
304452
954898
649254
814746
86841
855906
88898
882207
210594
132892
505462
137192
170854
803132
166332
713307
803132
137192
137192
1
87890
137808
897584
137808
997285
372508
882207
923544
566011
825378
432887
321007
137192
54378
758750
139078
505462
855906
178662
48004
131840
1
304452
1
613668
372508
48004
954898
137192
170854
304452
210594
803132
132892
803132
588945
825378
973879
137808
588945
59017
613668
139078
697698
178662
87890
566011
139078
132892
1
379282
88898
87890
973879
923544
59017
432887
325378
923544
54378
170854
372508
337342
649254
230555
973879
446485
432887
781138
588945
1
337342
137808
372508
88898
616142
825378
337342
803132
379282
304452
304452
137192
137192
88898
616142
673512
379282
923544
446485
598338
132892
178662
673512
379282
697698
313775
170854
954898
673512
166332
379282
126590
616142
923544
446485
126590
773365
170854
566011
321007
678984
325378
132892
210594
88898
758750
697698
803132
313775
264779
681937
401267
166332
88590
713307
88898
88590
337342
616142
713307
137192
594124
126590
613668
923544
318956
616142
379282
313775
337342
230555
866008
803132
616142
48004
313775
758750
882831
628397
327084
210594
131840
379282
432887
372508
137192
681937
6992
781138
923544
230555
781138
897584
379282
86841
401267
882831
126590
321007
54378
139078
814746
997285
613668
697698
264779
526920
505462
571180
87890
372508
678984
997285
773365
673512
866008
673512
882207
616142
825378
264779
781138
331838
230555
954898
87890
170854
48004
88898
210594
882831
598338
264779
681937
897584
814746
616142
781138
137192
446485
137192
331838
286602
88898
48004
304452
432887
132892
897584
86841
588945
321007
833234
264779
954898
628397
337342
131840
681937
1
713307
137808
318956
954898
616142
673512
713307
170854
761027
327084
441238
446485
773365
88590
855906
526291
48004
59017
88898
803132
137808
1
866008
866008
980955
350574
571180
814746
923544
886730
178662
997285
458663
758750
613668
170854
372508
681937
139078
897584
137192
1
325378
48004
673512
325378
673512
441238
458663
137808
137192
923544
571180
495407
166332
505462
713307
526291
286602
329095
137192
313775
681937
372508
401267
588945
58295
401267
882207
54378
264779
86841
670190
571180
59017
628397
882207
758750
131840
132892
350574
649254
588945
571180
803132
337342
88898
131840
622976
286602
432887
526291
264779
264779
482014
232574
210594
372508
882831
825378
126590
232574
286602
441238
86841
628397
923544
379282
613668
588945
383448
649254
803132
2786
594124
761027
6992
170854
997285
379282
803980
137808
860004
76331
897584
337342
372508
131840
758750
532503
441238
935964
713307
232574
532503
2786
137192
558155
882831
379282
834122
495407
526920
413490
49826
882207
313775
433952
478857
2786
1303
588945
973879
803980
897584
649254
622976
59017
304452
814746
137808
98227
59017
220354
825378
803132
304452
997285
446485
622976
329095
132892
622976
923544
313775
482014
526920
401267
781138
337342
220354
327084
588945
825378
613668
286602
499039
598338
833234
495407
478857
98227
588945
482014
566011
522304
401267
935964
88590
622976
59017
803132
713307
446485
230555
803132
48004
855906
781138
629560
230555
773231
954898
337342
372508
432887
446485
980955
571180
446485
93840
372508
833234
58295
137808
337342
49826
649254
761027
178662
505462
446485
571180
973879
225860
230555
166332
113311
482014
960096
170854
588945
654053
954898
210594
886730
321007
495407
886730
537297
598338
499039
857819
825378
58295
93840
286602
313775
304452
505462
954898
997285
522304
591409
131840
433952
855906
86841
773365
59017
337342
131840
264779
758750
220354
566011
558155
86841
866008
613668
825378
137808
166332
505462
591409
954898
139078
678984
860004
232574
139078
304452
803980
558155
673512
522304
935964
36225
773231
170854
458663
673512
76331
337342
654053
803980
678984
649254
137192
629560
773365
558155
1303
478857
313775
781138
814746
713307
882207
458663
886730
286602
532231
119358
139078
304452
781138
766120
286602
700929
598338
139078
923544
558155
526920
383448
522304
758750
649254
814746
139078
532231
834122
432887
532503
773231
654053
441238
