1
394756
1
394756
1
908037
394756
776293
776293
908037
1
985135
776293
776293
394756
776293
95928
815692
1
1
474499
108631
394756
536827
908037
120483
815692
474499
500365
642928
49906
776293
355536
797948
108631
985135
940321
776293
394756
609896
712112
642928
439574
467372
536827
998658
252413
355536
609896
776293
978055
974354
642928
513841
712112
985135
95928
532600
998658
625748
120483
776151
1
525852
233676
776392
49906
1
946697
525852
808844
134425
95928
601810
198206
985135
208154
977998
49906
33354
23885
985135
890171
500365
48375
890171
978055
488028
525852
394756
808844
601810
355536
611631
16388
425621
985135
525852
776151
998658
208154
355536
890171
532600
601810
385370
625748
810879
538126
693811
977998
239837
500365
134425
609896
231494
138718
797730
233676
532600
936529
148772
808844
45278
902119
356373
467193
49906
148772
394756
425621
446116
231494
198206
355536
500365
349342
713182
49906
426240
585972
889272
356373
800901
701586
459519
789904
356373
252413
394756
776151
800507
15732
26827
138718
889272
490913
513841
902119
48375
426709
512935
446116
538220
744996
693811
166360
683385
683385
23885
779500
231494
609896
538220
740557
169175
132548
609896
609896
538126
459519
906082
744996
126349
488028
940289
49906
536827
38509
112404
797730
591716
985135
814236
569097
427886
126349
525852
138718
808844
512935
38509
519054
855793
738726
539598
941787
572838
908037
467193
237348
712112
237348
974354
567170
789904
743192
713182
916668
532600
726423
252413
689922
797948
33354
157573
488028
776151
451434
148772
904804
481771
776392
355536
527765
189122
790763
804779
738726
612468
622816
133106
15732
567170
850193
776151
840900
800901
320713
323999
314234
55126
978055
513841
940289
776151
138718
139441
939929
90626
385370
693811
250806
494499
843038
55126
15732
233676
87364
631594
973659
427886
144702
404087
569097
51730
29894
467372
625748
631594
451434
689922
208154
980404
544943
776392
786366
449465
974354
692342
275492
827783
668685
90626
392130
320713
726423
784313
945689
404087
670452
904804
401115
492014
55126
941121
986382
490913
934495
692342
783284
784313
538220
148772
897185
810879
625748
616666
624408
410751
755492
597414
34840
641446
368927
401115
945689
577910
275492
349342
10493
195400
112404
952033
83614
462839
166360
280240
439574
490913
51730
451434
796731
829896
275492
449465
374782
781941
840900
577910
738726
597414
306147
808844
906082
96423
385370
878610
13890
324798
48375
660795
166360
536827
94950
670452
241951
992471
939363
500365
622816
740557
948703
591716
639452
443305
280240
231494
630147
241951
127444
394756
83614
743192
527765
878610
214758
488028
667757
376362
934495
935528
743760
928755
38509
800901
916668
195400
79004
713182
205311
880335
95928
692342
89437
238828
562328
339548
225180
776293
874900
906082
260687
728923
940289
166360
603271
781941
184992
13890
744996
591559
577910
146790
496234
890171
855738
910358
840900
567967
108631
689922
474499
600366
741437
302702
207725
916668
815692
624408
189122
289259
544943
834697
198206
37899
935528
351920
496234
38509
538220
978055
577910
368178
728923
980404
425621
358356
880335
796731
510096
787999
79829
630290
426709
238828
349342
815692
588732
601810
742582
583663
794193
60097
189581
490913
810879
10493
928755
335125
5441
465909
153257
10493
146790
952033
349342
572216
941121
897185
207725
599609
307861
302702
786366
332290
113112
597414
794193
941121
738726
189122
127444
323563
296442
779813
799902
79004
462839
427822
33354
474499
840192
512935
265103
231940
641618
23885
451434
805128
527765
734479
236275
413006
855738
108631
213072
906770
201590
164708
225180
941644
741437
532600
992471
593881
674811
113998
880335
376362
307861
144702
880335
323999
630147
426240
915240
152081
689937
850193
365641
189581
799902
289259
561155
726423
148772
164708
144702
796687
804779
814236
124287
231494
349342
742417
730155
274896
22474
354465
785147
884077
267421
208385
779500
120495
637456
500365
211353
368178
779500
68351
267754
285651
529316
585972
801116
238828
117252
801057
670196
512935
784313
635675
799902
701586
208385
296442
201590
415119
827783
906770
811233
934495
235680
48375
695725
324798
391000
713182
572216
108631
403456
880744
385759
410751
148772
894826
808192
723219
139441
108631
683508
409618
286961
941644
550044
945689
998658
776392
902152
267421
139441
314851
790763
49906
713182
591716
776392
857
723219
193960
582346
34840
879269
273243
386685
974354
796731
500554
45278
602592
233676
426085
857145
906770
213072
779500
237515
889880
850795
911058
951179
998658
332290
734479
797948
828384
970266
353629
670452
5441
494499
784313
358356
527451
538126
900343
593881
481771
267421
368178
90626
562328
410751
169175
611631
355536
26827
588732
389920
10957
79829
251523
786366
23885
517293
978318
546277
598128
951179
723130
647925
751972
124287
511868
225241
365904
827783
908037
562328
965561
965561
902152
553711
34840
603271
783284
375238
365904
237686
22474
235419
805777
889272
74633
488259
26827
201590
595308
683508
624408
368516
689922
888741
314851
68351
648357
306147
18871
300175
233676
552719
786366
590751
457714
391768
422145
76139
952033
306147
572838
751972
212177
452286
593748
423946
465909
283064
751972
742417
286961
494499
362304
66442
790763
300175
538220
776392
441848
935082
906082
164708
94950
698560
702857
751972
624408
592971
404087
945689
389920
599609
365641
806987
805777
598066
225241
561155
71156
910358
593881
189122
252413
874900
219765
326339
30565
978055
911058
481771
777925
667757
87364
259107
529316
944459
616666
776151
734479
970620
596767
884750
126349
425271
368516
965460
569438
394756
597414
902119
585972
583663
507673
683964
789904
48375
409618
138718
902119
828384
905314
670452
19317
505407
53684
925898
294643
894826
604500
569957
481771
808192
940034
784313
699422
814236
706311
60106
316894
630290
928755
840192
545228
179839
264670
521686
521527
861562
970620
545228
379261
368178
412504
651184
96423
292384
235419
532600
9699
909606
474499
689045
252413
695235
365904
871192
889272
291208
640864
66128
601810
800901
986382
272224
457714
861544
337485
964947
630290
507673
569438
689045
121787
796687
452468
820084
768023
462860
273243
192695
592971
33354
79345
449817
230840
264670
736154
74633
225241
614436
633349
765904
363918
440523
923680
615651
108075
712112
440523
79829
5441
351920
667757
217151
596767
363918
446210
2328
440429
670452
590751
794193
749864
667757
252549
354465
157367
978318
113112
695725
644781
815692
218204
723853
940034
425621
817942
307861
273243
198206
272182
985103
165671
991233
517333
449817
667757
640864
532645
287124
31806
832185
703882
591109
625748
394756
688208
188731
9699
973659
883030
801057
694917
440523
456520
2328
623039
593881
271547
323999
488028
861562
231494
46461
195400
611528
415119
817942
670524
469545
108075
875255
403805
779500
133594
857
808710
710576
19317
323999
765248
392238
459014
572327
490913
227022
272182
657423
765904
726423
435337
660795
980404
526757
205311
241951
89437
604500
323563
976741
193960
685330
602592
787999
709961
79345
821818
670452
215627
488028
39963
324798
923680
709961
394963
612468
897472
801116
358795
824899
751111
120495
385310
42432
526757
914812
840192
569097
700711
289259
592971
766870
742582
755492
973659
207736
286961
376362
848545
255102
590751
236755
192695
53800
987593
682397
53800
673389
114873
743818
468628
601098
17479
483151
285651
673386
274896
598324
941121
314234
603002
623149
743192
575183
561155
605397
684742
219765
884750
252486
695235
73573
440429
56489
41887
364201
804179
675287
710576
939363
779500
133110
956938
225241
609896
588732
951179
742417
83433
238899
247989
873635
394756
53800
794113
120483
441848
871192
259107
182485
975928
657423
217151
138718
94950
946697
326339
236698
755760
252413
565238
797948
903016
521686
710576
673386
814236
978318
666488
243458
746014
335051
897185
743192
860861
679417
425621
403456
581285
71156
875255
734242
184992
995817
496234
49468
808371
615651
778853
456520
18310
431578
883030
137170
112893
727027
525852
426085
22474
902152
26229
910765
332306
730155
474499
964947
513176
271547
46461
779500
778853
880335
130089
126911
562328
666263
323999
743760
308067
10493
782137
602592
890171
224535
627435
332290
550978
490913
272504
738726
801057
249003
427886
628148
426334
615651
426085
488986
39963
683508
688609
786366
910358
113998
689045
449817
863736
307861
324798
207736
157367
907219
793235
976741
689045
915240
13890
181332
874399
982475
329794
786961
467372
314851
727027
239517
234996
890551
869615
379825
680751
565071
316924
488259
605397
508616
968848
855793
452286
289365
157855
49468
654264
426085
802228
737619
931041
317289
26229
742582
126911
540576
864443
598668
644781
231940
980404
355536
235680
734242
996419
599542
743192
456520
970632
353629
358356
283305
368178
141151
320224
940289
961229
137170
389920
785440
917926
152081
793235
667757
401115
927388
740663
464033
252549
403805
285792
237515
765904
226071
519054
394756
241593
407834
941121
932674
243025
860854
171788
2328
538220
24697
16388
188731
867307
775345
597414
828384
743760
444937
385370
452286
976741
596767
979536
133106
87183
598075
996776
944962
412504
796731
55126
193960
316211
366159
415119
139441
391000
746714
505407
403456
566583
341906
379261
49326
646046
123834
889880
386107
663089
34840
676745
567170
891515
674811
908822
843038
264063
488259
177064
158537
450830
331484
218204
936290
217151
850193
178016
572838
555488
796687
766653
553711
208154
620362
307080
859962
682397
379261
385370
909606
683964
709705
71156
599542
89437
934686
234992
380498
906770
235680
409366
749204
571694
505407
628431
583663
55126
23885
426709
850795
532147
488259
500365
500365
973659
83433
376362
694917
642928
593748
146389
233676
804179
915240
996419
916296
231607
780601
268080
862785
833270
324798
409136
593748
563767
357543
976887
976887
22406
247623
27658
409618
424460
188890
693811
830920
551992
781941
357369
641618
404507
285651
728923
886865
394756
331484
884750
65199
114873
357369
596560
426334
243458
28148
121227
45278
430479
607609
157111
905314
916296
577099
682397
83614
704033
937418
612073
415119
548689
609896
357543
316211
641449
631594
181461
598075
317289
36721
859962
466409
778853
954854
500640
886723
38509
440429
857147
455955
410751
386685
58355
379261
603940
902152
227022
572216
544921
669406
338450
184992
904804
648545
465909
5788
903088
385922
5788
35340
259107
974008
415119
283305
602592
667377
243025
535474
946697
567170
735116
751972
679137
501364
83614
112404
940123
10957
571694
613426
821818
927388
441848
232310
133110
904804
639452
397615
208154
430479
529316
89213
593881
857
411158
598708
668439
426334
554555
461983
781941
144702
385310
120495
642928
844227
385310
548277
889209
631594
738460
18310
968848
998576
332290
490913
165649
205311
850282
996776
698560
315681
787999
554253
456520
743818
391528
647925
500554
859962
976741
294439
737874
974008
575749
513390
415119
398359
91422
188890
239484
265072
274613
935421
660795
536827
910358
480894
878272
350256
480894
497342
504718
474108
73589
827783
49468
192695
676652
928755
90626
738460
568792
807417
311731
265103
695673
505938
683508
616244
791665
864443
577099
635675
144702
203187
948703
317289
515540
874902
808933
167345
840490
854685
37977
1
965460
562087
236275
998576
15732
631594
31806
972185
18116
192754
321667
237203
960916
713169
142388
452468
667377
682397
975759
183128
575644
132548
806375
596767
289914
127019
152984
736154
36756
598075
975759
5441
329794
206807
784313
534630
851031
320224
905953
81600
311731
279738
125486
332473
952033
183128
492959
709705
413856
286590
512540
52303
908822
53095
428697
802228
49241
157573
706226
539970
286590
148568
391000
379545
159228
215860
548277
386661
124287
130089
102358
307861
648383
145883
45004
935528
251509
539598
240215
960434
746714
688609
26146
689922
207736
865423
331952
821818
168375
791665
144702
409618
6590
889880
804179
945419
175304
892848
234180
666263
341154
923568
20360
766653
26146
977998
890551
820157
231494
832185
211353
46571
864298
642928
860861
669039
639706
931443
977723
459519
211353
385759
493794
277926
281726
112404
101252
958671
603940
534630
864298
670524
280240
532147
954854
368526
165370
814485
565238
470825
354227
916210
368262
937418
365904
571851
368042
673309
538679
585100
998506
423946
410096
910909
413856
870014
680751
353629
791665
622816
685330
308067
878610
325468
481487
302371
19553
192754
539231
904804
870822
858389
300714
579586
575644
546163
904804
538679
55126
803476
539597
943114
365119
41887
902119
790844
422145
674811
527765
11730
247348
927649
283921
30208
30208
252549
546277
936603
624408
598075
259107
721786
954531
86071
500554
120483
294072
623039
426240
191776
978318
594823
460592
847672
474108
314851
992383
902119
66128
355577
371278
550236
250642
22474
751972
964336
294072
428733
755760
740663
908822
452170
83810
738460
565071
512540
26524
859143
529316
73589
802660
666263
57152
616604
746014
89213
928474
479994
673389
932674
614127
985103
450830
320891
762740
661217
297695
548277
225392
278211
106665
168375
645725
34840
738460
657423
227553
285651
762740
917926
22652
192656
916210
903016
973376
467980
79829
444992
3949
481487
53610
157111
50848
944962
796687
266284
59521
790183
421640
548689
21707
404708
655344
709136
623149
53684
541450
225392
985103
722971
756342
625432
585100
379224
834697
576786
60181
60097
121227
260687
287124
121787
757816
442732
217700
157111
15596
214758
569957
786961
366159
517333
620362
605607
766653
607826
817468
546163
372930
576786
544921
316894
791665
646046
117252
60181
184992
498549
866080
539597
771277
686058
289365
149518
946697
294197
245202
789904
202618
489973
689937
366266
946097
494499
124287
374782
566169
403639
168375
62443
694595
959663
227448
472325
863717
63686
937418
572216
936603
139441
702119
866995
412529
59521
244597
885857
729997
722971
694917
683508
252962
668697
290497
127444
501451
803572
116583
794113
406591
975759
662523
113998
858524
714924
860861
818869
364827
152081
149709
18416
650711
520792
408671
965460
236275
964980
39329
217700
335125
218204
538184
125486
461983
759645
755533
157573
603271
266886
112404
372386
452468
738694
54238
670452
237203
363918
16719
971561
901834
505938
39329
326651
983708
417501
321550
467980
163391
13890
294072
254055
569957
572773
874902
681985
390546
157855
766653
117252
157573
574206
886723
790000
390564
73113
661203
608489
391768
532147
742417
296029
197296
187605
762628
600952
198206
673110
56489
236275
272224
569097
49241
884092
183281
213072
295109
605896
56489
682063
16526
881096
193998
490827
598066
687147
867307
48375
474506
925898
474506
598372
342102
394756
985082
884077
860861
313182
935421
311068
280233
809249
910765
26148
631242
661217
807417
723853
156703
129281
315860
604186
981108
944103
730155
280240
2076
373035
824899
605607
858524
513841
828384
221085
646971
490827
526757
225241
859143
998576
220240
27658
587649
379825
878610
973376
520702
592971
517293
903061
520660
515540
431573
113112
30208
644781
441848
860854
469545
780601
54714
527765
380498
278211
294643
320224
298214
153257
168090
814236
857400
411158
769698
851669
193742
797948
256166
79829
316172
575644
525852
341364
729997
241603
252670
125857
591559
751009
715086
176126
346563
840082
244318
401115
189213
236755
18871
506985
646971
386685
314234
740663
139492
715086
834858
783284
818401
811897
532600
422145
760973
616244
518935
928474
213072
737619
910909
179930
532600
192754
511594
834858
203187
738544
666263
716550
426112
956938
903016
854685
208105
706226
832191
905953
270387
16526
18416
616666
427886
171788
247348
123752
749864
930374
218204
934184
16212
791820
886917
348401
622816
90626
934272
254767
792545
569438
964336
921654
780193
695673
720998
524914
351003
602338
313182
520088
431573
693811
169175
428733
861544
518935
356373
930374
400173
244647
366266
126996
20953
84818
534630
87622
404507
604186
149340
87574
133110
36756
909583
452468
674126
881096
501771
685424
838165
928755
779978
992471
844187
557385
285792
616666
691085
742582
528934
439038
735116
205548
934272
60181
527451
179921
598104
685423
298214
815927
972185
247989
186005
187640
603940
446425
49906
534422
256719
799909
746714
320224
567170
609484
647414
238899
350256
231950
371278
247989
276474
513176
588732
152984
380923
326651
31502
734376
605896
282628
725701
121787
117252
780447
177233
102358
30565
117898
87183
71156
290497
685330
929216
431573
374782
10493
771779
569957
734786
613426
22652
609246
414973
426112
863717
959605
235067
556696
475961
519176
402993
700711
588732
536827
664130
797948
194321
743818
740663
538126
443238
53800
661217
235419
148832
358795
221163
315681
477211
800507
655344
609532
915240
607760
965460
972185
746714
678945
867307
831943
495026
177064
229279
530926
374782
506116
104233
919687
235419
377782
338381
76139
373468
790763
354465
306908
593881
796687
628858
380816
264678
253287
858174
668439
628597
907471
762740
519291
398359
490827
869757
821818
112949
188890
415847
775528
379224
549507
528934
15596
123513
29649
710685
572327
211353
235067
279738
977302
908037
300175
278211
787240
26827
539597
348401
366159
86348
455349
316924
525934
314851
49241
889315
102427
250652
42345
940034
628600
294197
917612
251328
900343
7083
694745
598758
348401
208105
562328
504684
280538
598128
514098
424460
883030
234992
887472
847672
237203
869687
648479
392130
145883
330473
226071
740700
851669
62443
360473
339612
912589
340577
19217
779244
897185
598708
762628
641618
358795
452286
166703
100712
20360
867307
538623
678156
525934
689045
685423
870014
139
204023
521527
335125
853308
315236
794193
651184
566583
669406
989416
404708
958207
104665
494329
792545
974307
259960
230203
206807
564715
285651
114873
158537
594543
22576
348155
613426
817661
878336
66826
765904
969126
563767
269014
339255
480894
390546
406253
981127
826847
838165
62627
411158
628148
60097
832191
571112
212177
891515
971373
740663
822217
840900
445724
799161
241951
623070
139511
280240
492519
194312
336974
77081
305346
676430
410096
828551
207736
559471
770812
252549
884185
902198
734803
662911
252413
678945
557037
10667
372386
278211
793298
352951
977998
138718
422145
287124
314851
21935
166482
308358
474506
11730
66826
101252
624408
421640
775528
799902
134509
497519
198201
237686
793235
869615
622816
623606
216060
95471
359241
833793
343383
974008
802228
632642
770812
695780
264480
53684
479994
188731
648479
975233
66128
317804
126064
729208
639452
685423
886547
426709
213702
310363
901834
922827
159228
33524
219911
719935
165164
612577
335257
647414
530967
826890
68623
505701
258725
300039
45127
561155
395253
39134
325066
282628
24697
83614
211365
598616
479958
79345
806987
188731
931666
719257
210934
296029
894983
410751
514098
102567
861544
779639
354561
762393
891934
65877
966827
953247
550044
234996
799161
503404
615481
556095
362915
809004
317122
149709
179839
492303
649416
59172
279696
867307
675991
608489
686058
300714
471894
474108
473147
894935
726423
250642
625432
937418
871911
824899
374782
296029
210934
818869
847672
703882
507594
571694
855793
188861
928755
715475
234996
265072
17628
296442
712112
600266
926602
234996
65823
888520
755657
394963
261610
311695
755964
363918
486591
247623
33541
676652
393466
390944
3949
15454
187004
816487
801253
703882
546962
208385
785440
998506
218763
50818
626963
482922
341350
543498
215627
829896
457143
538679
338450
552719
239517
410697
428697
492303
279562
520818
616244
229401
574206
966023
49906
270758
264480
791820
49326
964947
45690
465709
539597
861483
573567
178016
237378
762479
770812
942202
708418
645001
488986
710889
926965
668697
614127
609484
763423
630374
219974
706311
237667
718879
151550
45377
367949
66456
638935
724478
955558
762628
247437
149140
678945
375614
489008
891137
577358
889870
93624
955558
368324
575183
567984
817729
101029
22652
467193
238455
234996
455349
706977
976499
501451
767440
157855
354227
920786
648022
56717
443238
670524
673386
237378
351610
704179
974158
598758
329973
571851
190518
734376
237669
104706
654202
410697
264063
170724
777681
701195
547990
87183
114940
250806
102358
694745
477893
133749
669406
212627
787240
362570
24697
397615
742582
236755
45690
889272
264480
936529
930142
292212
439038
540769
355536
916807
855793
469545
848659
280538
215627
642928
770942
641446
212627
504823
472568
244647
774936
744996
926056
479066
889272
526757
740557
251509
332259
541450
387491
244318
911058
940289
707874
181332
520660
857
655880
379224
479265
328215
138718
562328
535514
467372
489051
379040
677787
387281
884077
181461
256409
478699
359402
910909
141151
372386
785440
246089
19012
85854
114940
646455
625235
784313
574761
838165
194235
752659
474499
456194
329973
530926
602571
815692
874902
944962
18871
900343
530265
440523
623039
510558
564715
599791
630290
439185
981812
692342
693905
998239
48871
938984
401302
296145
194235
378582
252413
934159
326806
353629
287124
832191
548030
751009
221085
379545
510497
470825
1
944962
59351
674811
190306
233901
997748
33541
423946
238358
247026
95302
409366
871979
501540
247623
192656
989416
19647
442788
948703
200186
568792
632642
621929
406253
139363
958207
775528
264480
335257
214635
574435
590297
454637
581744
655880
270758
935341
377366
315236
404087
351920
826890
351610
65877
797730
989818
865590
693905
889209
198827
127023
589586
256996
430831
66456
829964
638211
198827
42345
335022
210396
509438
585100
331484
709705
869757
208154
189213
158537
775824
905163
559309
87622
956126
809249
193858
811345
806791
477211
407834
114224
878336
59521
535365
39134
273005
949659
406591
108664
623149
552529
780259
433257
45690
666149
244204
594606
673309
824899
68351
10493
906082
55018
87622
850437
666263
554253
556095
203187
588646
761610
243552
127019
227022
193935
367226
800901
670472
850193
743415
443238
763962
940034
880434
553165
755977
482810
71599
799781
738139
95302
436798
994480
525756
452400
908832
50736
926965
618412
211353
494703
758432
445511
328131
707814
754820
560861
463604
157573
512811
349067
458279
346563
105992
748558
377782
25036
654346
846851
234996
274896
934686
992383
737874
876903
443238
871911
323867
126064
854685
965561
785147
816487
238455
282628
780447
815927
351740
66456
788797
716585
22321
906233
239463
748588
623149
176126
522057
277926
666263
831943
330473
12874
554855
488986
500701
378582
523297
565238
175749
748558
195400
319986
694595
90626
709961
200186
444992
386307
567984
860854
570823
827916
81600
123809
84533
409366
505960
550733
336974
279738
499826
609137
295109
77081
861562
920786
802581
326651
141550
141151
399285
639024
674811
568386
670524
631441
536514
945515
941781
20360
471894
460470
646046
497453
624336
699870
321550
741474
570555
921220
165801
944459
169175
971795
476155
971193
721594
535434
380952
842413
212306
28148
686017
848472
738544
645725
213931
130745
81781
274613
221688
165164
416016
37977
544184
120891
570738
727027
678945
811233
426709
784508
237669
889315
510505
737890
267421
983422
225485
916210
826847
302166
66128
599834
688208
906682
368927
655880
270739
92540
348867
780661
710513
761429
238358
239517
628148
982868
675287
298760
409136
872709
373035
286961
509521
456520
693668
380952
598708
410834
743855
514098
716640
187004
806015
410296
841809
404087
623070
603642
601452
221163
89213
379612
379612
737890
269724
251523
411158
515540
217784
257466
410840
739575
20954
510096
266680
557391
559300
18416
806323
935341
255091
611341
90227
71599
102567
512935
674589
125857
828532
259635
775824
280233
630147
130745
834230
45377
362915
152984
820157
285265
31992
707874
148832
733750
517333
887022
731710
848318
130089
550733
324798
567170
21685
219106
853816
409366
828132
56489
723367
180310
831943
215544
112893
689213
66442
240215
102478
227553
462611
404160
917911
410937
4187
101627
704179
768920
730155
595308
594851
683346
214119
944768
138836
538220
29894
481079
3278
521001
325468
580075
213072
90227
268756
392705
248543
768046
313182
957128
940865
58908
703042
679417
348401
426085
726446
635675
950899
315621
534630
364201
811233
714924
467193
826369
898196
16084
132561
735116
699870
751102
51554
403639
216561
112949
946697
286961
538126
387619
107781
114940
640864
276475
754380
170619
30187
599609
277783
22187
569097
132861
734479
772038
538220
700711
501523
138718
404418
907906
510883
552825
847426
68351
575183
802581
208154
244597
827916
427018
563130
31806
450072
945689
449564
862563
599791
608489
754625
365641
889923
177712
888304
101029
153590
793298
35706
446149
900582
622816
368042
909583
900517
462839
887472
660795
252413
895533
128844
303206
239463
366228
771246
57409
51330
724974
10667
743192
737619
667757
876903
91422
328837
133106
90145
652369
535667
267754
133285
490827
316362
741474
357690
655880
647925
727027
840192
627212
516002
276851
98743
729272
957307
268004
236698
521001
243214
22406
612073
368042
695235
216561
513390
529316
540610
730993
651184
87183
79345
674126
231940
703042
880335
486545
692342
245128
231190
488425
826890
599675
432183
313182
726446
688039
892588
425796
590297
369301
894983
181195
661488
787614
30429
603933
404376
678945
380498
688609
28272
989549
645001
535365
772069
206317
296029
565238
989549
944737
671293
13709
939433
214119
970620
499177
662574
148568
176126
693669
700139
116493
884185
469171
872193
441514
964336
723130
370492
831000
865423
122388
499177
386661
242630
232836
531845
849750
881096
424460
810879
728278
497519
255102
818401
759645
623149
557385
804328
534572
788293
91048
449981
930142
264843
271595
425053
291803
29649
869687
149518
902945
575644
580735
860861
425796
101627
695673
328131
940045
43214
117354
808079
420146
599625
281726
653329
91513
431818
690269
585548
385759
719978
174008
599542
357690
657896
182219
285943
591842
937418
538254
716640
308067
775528
564403
488028
20174
872709
699444
878795
368042
414424
387619
569097
437078
283261
271547
95713
377499
690269
751823
283064
307668
821818
458526
96689
170979
980404
221085
955008
666673
421612
698957
901611
386577
565352
30652
13890
2039
894983
891782
387357
280538
139871
572219
756302
249003
897340
814211
751102
425796
243124
743818
426240
857
414424
91048
221163
834858
701195
372386
771779
978152
208105
552529
982846
914812
379825
253287
727027
2328
339088
831127
894825
806323
702857
980793
635070
929025
694595
285651
862563
684742
869687
510972
90145
768673
269014
706226
121292
748456
334920
748588
379138
193858
93669
899435
594851
814142
441520
941781
693811
599625
558762
236755
445724
668685
674126
4123
699492
460901
523297
950328
142388
239267
783284
54714
287124
538254
188828
970266
256753
324172
279656
387619
801606
805777
562087
308977
472357
454637
512540
410697
806375
848472
497453
830920
175209
205311
573567
357369
169175
695204
802300
630290
475961
152813
546392
791254
368516
548030
12970
828551
731710
676408
641449
392130
182485
342102
833653
449332
897340
509521
149709
419331
292384
729997
945037
866402
666563
352951
177064
853308
117898
273314
586725
236189
289914
727027
180566
903061
467240
663467
189581
241
149709
38974
29894
505988
571694
696979
762628
678156
844227
972185
981108
859143
886547
182485
521708
958652
607760
67014
680440
421514
771860
699465
820245
515540
834230
778853
945853
488031
294891
106665
616666
954366
662320
410834
900582
285265
273255
410840
936603
97262
908037
975233
286961
15454
683964
857400
114385
713900
315653
751148
181281
651131
926375
305346
980793
575366
538126
351610
950869
177572
99161
786366
7083
410697
467980
33354
675683
871893
776619
623039
677238
578525
650061
551992
520363
183711
695933
12874
554527
189960
636564
121205
884750
3846
902334
218204
203935
938043
565709
867351
688208
702329
613403
609518
655880
518109
535474
633492
477211
966827
170619
468628
449465
999627
605607
552356
658395
986328
801116
53684
49468
923680
22652
602571
5071
71156
236320
337733
684742
921405
415847
614460
117158
441589
822298
738139
743192
940073
540610
356373
94686
46958
503364
224660
695673
362701
365904
748588
442365
212177
268756
270758
98199
857
112949
255091
102979
953563
844711
927388
423289
358795
727988
590297
889042
7347
930660
97213
837258
259635
253287
351429
424536
842529
236275
251191
83614
91048
262845
121787
738544
10957
699492
39676
404910
670196
843038
985135
755854
116380
808844
795889
971729
232836
905351
317122
97906
512935
11730
188731
409618
819171
847426
279562
371278
992383
861132
810879
83110
889209
115642
446425
134591
239576
89437
979193
992730
508341
377366
243124
360127
817729
599609
929216
13890
79829
364201
231950
236189
652221
419331
799511
546755
811233
173321
423946
430740
389702
957128
78943
666263
57473
776293
485048
325588
680440
477211
425053
536521
589586
585972
899875
581285
690269
995817
620362
695509
102955
576299
586725
808246
815133
305687
850080
448357
923988
490827
913735
165649
342046
533874
2114
247939
942014
407834
61032
535798
157367
624433
978055
313848
874669
909606
269014
449660
951179
252549
256753
489973
945515
802660
444937
178567
143
349067
138964
441542
237697
91422
339829
985135
535434
143
261863
614460
49906
938332
473147
923680
489973
42345
492959
479958
895533
206078
743818
272625
380923
504823
230461
897340
98181
307177
718879
685423
545129
387101
67043
661808
23821
183711
789198
188324
694500
674589
84818
859143
513390
417501
306908
123834
801606
503589
365904
680682
24249
950899
992918
550733
710144
554527
978318
515540
205548
755533
399948
734569
682063
607489
960434
552952
637378
365119
856918
575618
203562
738544
362693
212356
782017
349767
883722
879269
731834
849774
73589
589122
211350
188731
911887
65977
956340
6590
807417
978436
975759
605607
436535
183281
934184
678751
111502
852760
26229
961351
874773
788143
699347
22474
667757
499177
182028
421514
25371
557037
21707
391528
942293
356030
838906
751972
319349
61032
87622
703516
8611
298760
48871
121227
926056
559903
771860
871322
490827
428275
59411
603271
34840
282882
764859
74633
612720
567984
792545
613181
527765
346658
247623
919687
599340
297960
167345
87318
53684
908302
108075
613950
127023
635609
567984
332241
488425
19012
988086
923851
828532
574206
573567
701934
17247
231190
947235
53800
374654
694745
643074
464915
807417
87622
578038
565238
365904
861483
738992
41887
903840
435424
153257
913674
156858
44546
645001
440632
996268
213440
639706
652003
279696
643074
183711
563767
519054
654346
329973
968216
257321
797730
713900
30652
886547
668204
450072
362335
596767
13890
61430
227448
694858
778175
138964
139363
572720
995817
22406
795488
299664
170724
974008
539231
986274
384104
798980
279949
614436
180566
429857
289382
598708
111852
599364
87622
231982
686620
300714
743192
843172
763003
675683
684586
564715
966248
18416
233676
93624
287124
317122
178989
473749
299009
830359
899875
617720
212696
444937
410937
375640
837992
404708
37880
925898
273456
23885
499045
501934
215627
966248
677065
888520
375614
477893
687219
365662
758550
613063
544943
734569
838906
425390
67317
29649
800922
121073
49326
846086
598066
785261
860854
272182
465909
114385
200897
800901
868803
682063
278579
149340
237686
219911
179338
106458
57777
23885
979536
144702
308944
225352
891571
625436
927660
699870
253203
525934
878272
424536
44546
90227
474540
910909
116583
910390
393583
939706
337387
617338
884478
386685
133509
233901
784099
201575
762628
730993
821594
121292
608489
748588
878456
702358
742417
919547
214746
803476
939048
720998
499826
313661
237911
943114
822967
119972
408423
221085
188702
406591
591842
228355
585972
213838
551509
979757
283882
777681
623130
818401
213367
828551
247939
714233
641618
826369
486545
887871
433972
121754
208385
494172
746378
146389
462860
492054
376362
719606
216718
143740
588732
805091
689910
339829
888000
931696
779558
276851
614087
669773
153257
482810
23610
349869
154870
153413
227022
948703
516855
884750
995817
9227
290874
239484
779500
791254
557405
841743
729997
194235
28272
667377
671286
277014
510497
472325
673389
635892
933156
239837
29909
934653
875027
162951
797525
69336
756342
648858
598668
148832
802385
157025
973376
449465
444374
762393
126064
292309
616244
686017
890551
302371
426709
854692
709455
614460
141105
814142
478948
885346
136598
622816
66128
424536
543769
646929
117354
152984
815261
554468
51554
721786
881096
593687
252549
554855
61588
375614
505938
286590
240510
735435
919687
957307
320542
474540
154294
436125
467980
211365
888000
205548
6590
98199
457143
536901
541927
557385
628858
899208
911058
354239
719252
615173
43032
188861
238094
706977
538623
871979
466409
188861
949714
332290
556000
122541
981178
700874
198912
609246
674713
627212
22182
940289
512783
734569
772038
550044
22576
400173
743855
619680
539438
24455
168715
467240
817928
167087
980484
494499
221163
994127
509438
636564
596129
13467
4187
895533
539938
857464
651322
280240
468935
637571
716417
607489
237667
162951
285651
68623
129281
262050
603115
598128
449950
530681
518791
358798
122424
940034
387101
976708
596216
757816
53524
95094
771779
121292
505407
121052
25371
700874
192754
734959
279738
387101
612720
755854
123513
183828
278468
572773
853205
65877
152398
873699
523459
138255
168025
283882
898196
489008
477211
133850
737847
620975
660647
499045
560185
451434
790988
73874
233676
325094
390546
566169
794395
647414
781941
236755
517333
408423
805128
670452
214758
392705
983155
622240
677787
366228
805356
465952
816744
914812
17247
81600
275878
748137
779725
42725
133850
938043
212504
4187
122388
778976
55018
718491
426085
201447
273005
11711
474108
768920
895026
79829
911058
527924
209036
163391
575366
217308
933804
714095
387281
698147
734569
628431
703650
744547
140814
373458
646971
673309
676652
575873
548277
895026
833653
769857
743818
856340
702719
70937
657896
971795
316838
102979
72833
418677
846086
505701
614127
855738
313848
589474
850080
773092
556095
366159
668439
725701
851145
950869
580642
705553
849301
669508
289079
959972
780159
565145
957307
716550
8611
915452
439185
86348
107781
63140
541927
252304
891137
859143
405147
352407
711114
26827
379612
488028
412653
680751
461277
987858
663202
345209
711114
489008
869615
772523
778588
625748
915452
996659
251043
283882
78857
666151
663089
3846
779725
520702
45004
940073
723853
203893
189922
193493
866119
127892
538184
826890
986451
384104
718088
473147
887078
286961
975928
153590
614460
650061
400173
170033
554855
955008
786992
691169
226485
753178
294643
385370
182219
721603
559903
558762
559744
165511
801606
434794
762599
274321
986450
35462
875027
170619
548030
123266
326023
779302
472156
168432
788143
525852
818599
166360
755533
831000
693416
102427
339255
411951
878227
998506
585100
744491
231494
97465
57409
827783
658395
259960
799113
965561
581744
880335
501540
695871
176282
797730
827783
786992
332306
22474
262769
177712
169957
533057
564715
728923
958652
263895
422362
203935
473749
449950
769857
858867
603084
229401
560185
922320
829964
863967
516855
59788
626488
749864
245202
398359
971373
874902
306908
693283
321356
505351
280749
253203
619498
628880
910371
933257
182219
56717
280735
243249
260491
167199
194312
426709
773487
452016
901671
641449
313661
126996
903061
191776
409136
576020
971561
786371
563407
954491
780661
541258
347656
826360
102427
714095
956545
802660
860929
778175
285346
941639
124287
620136
558762
590786
829896
569757
119972
975708
272625
908520
78943
987032
218798
244611
67043
402993
485216
298760
856340
358798
780601
623900
462468
933156
826890
455592
445511
469566
753463
976741
641751
754926
347656
389247
325468
473044
194026
825937
975654
116789
576786
362701
876718
789956
470825
810233
870822
452468
267421
899646
532959
831127
499826
963569
971729
544943
702172
276474
709961
565238
382866
450072
488381
738106
951179
213702
947740
73589
633432
887565
535611
217704
84185
148925
422359
894272
325149
786992
358798
405147
930758
511240
748456
203562
268756
934686
469171
381552
90538
556114
390564
167826
970266
323077
745479
205548
828532
970403
948703
457714
567984
737006
689937
918484
331484
21707
501451
930758
525899
594543
916733
933804
739575
956767
65823
997506
572720
703125
212888
348921
238094
584824
152813
321819
725329
833793
618830
123667
567955
7402
47950
905443
459121
339829
981108
837228
438194
278316
542302
305687
340881
871798
733439
783027
472357
822298
431818
520016
126996
857981
124287
194026
623149
545929
206807
499937
779813
560861
677066
32325
492519
117889
482382
499826
406591
917990
554468
903519
787240
498985
472191
295097
244052
890489
916296
867522
973434
762230
283882
616666
779034
153257
340881
392705
569407
750878
875255
217700
972185
223248
780185
647548
929025
293668
599791
535474
271565
872074
994175
508473
837329
847426
926965
445724
425621
452645
13467
991306
572219
149504
530926
799161
763413
965992
977998
16273
385370
786943
878042
187848
793208
375614
673605
979279
908302
150091
739451
452016
381208
170619
461983
778588
680308
351740
673616
669313
936529
76548
90270
279960
976708
171788
412868
520702
667194
735435
945388
690467
152956
386661
538184
4897
606724
710576
368178
553412
302702
765555
890551
590297
60159
339411
53095
380923
493794
79345
187380
442732
575927
49906
217308
210828
817677
864003
652903
194633
485340
62427
430571
508616
788797
844711
480826
246089
452523
614087
996268
244052
87574
339829
113112
227014
802228
189960
240251
893448
18116
403570
794395
487489
721786
293668
701586
3846
251665
275944
779034
5155
965460
221163
149518
87364
522528
817729
406900
279696
763531
187380
511196
559272
161464
983709
764755
168706
597901
141105
939174
88681
640649
850097
527765
148148
545929
247029
657896
12697
489292
172072
635568
72097
320891
938984
640864
921469
896592
196358
788797
873666
820245
277483
87318
238358
53524
114409
973659
556717
517333
246314
596560
880744
938913
67014
283064
68422
995009
426240
285265
981289
134142
556095
782542
934745
600266
958207
787480
702172
215363
189700
76139
500501
995333
591109
400688
242001
634849
730378
617601
882180
134142
307655
858026
379199
377366
247752
16388
256409
385212
655128
44816
353608
818165
527551
131859
455955
93624
957867
560185
3521
301248
293022
479091
42384
506774
323274
992471
624336
871146
910457
307655
863736
62856
584824
934686
484914
83685
178254
869757
552529
798748
976833
336181
532796
631242
553155
387074
976021
561602
963569
160748
788140
272007
344562
602592
320891
364263
217245
671908
917612
516079
552356
779302
288144
707814
768120
17542
300175
35340
916143
239267
770192
439185
664535
970769
165511
753978
501531
157111
868848
862791
662533
776392
938332
491141
964980
551992
64156
442732
243124
326883
426499
630256
210396
410834
861159
513053
989284
880335
548308
132003
317289
237686
908832
100269
564266
98181
888304
888741
7432
396589
637378
491141
439765
539438
979193
840082
708743
882121
368178
921654
846086
157573
170104
326506
335125
211353
652043
323867
950869
743825
616244
790183
965619
664733
197296
687147
606546
513485
368927
302447
545475
815456
559272
999510
106033
89437
330716
237667
432500
339255
988815
325803
767440
998658
436955
67014
374782
835397
705553
546392
517293
133594
37977
971667
917612
379138
944688
561931
352687
881173
105188
842941
782609
970266
97580
276437
682146
998589
369557
2076
854187
420305
859580
47690
989673
907219
369301
538184
12970
23821
143664
535202
279960
468917
614566
424796
409618
351920
350256
947740
281283
677238
598691
436535
332526
595079
56107
494968
543425
106033
271565
20174
462860
574439
165649
781061
192729
843172
857145
754380
729237
556114
451302
32023
644605
237667
435424
488411
990469
363918
856740
994575
12697
960916
933458
573567
286961
349067
325560
867917
499669
47950
714095
67014
208154
250806
317632
796687
472325
335125
833379
641449
786366
871270
53524
957937
536521
60252
97906
966023
965460
551067
715086
945037
244262
343383
480149
182174
971729
607760
257426
375614
685423
678713
956938
230840
730242
693283
74439
413659
762628
906770
784842
888402
814211
256409
710685
596560
806339
442365
979757
405147
188324
525899
689922
36455
383459
585548
400173
398650
196040
228304
436096
441589
883179
260107
742152
293022
991357
373035
880335
208500
866119
658330
716053
17479
540769
111852
364732
138701
519291
387491
314234
51730
930660
540922
643423
830408
569559
380208
683173
864443
411459
366634
408671
423289
756302
805571
505960
590034
174914
928821
321667
931666
521542
983835
283064
68069
539598
855738
51289
833793
320011
203935
448357
901182
788797
545475
567955
954909
799511
989673
871322
357690
201447
864684
33541
713554
495026
866480
683385
295097
577099
544925
878038
323274
832709
53238
553155
802228
490913
660553
315528
160748
377782
298334
860854
421640
871146
737006
114940
112979
410697
597324
745290
379224
786371
584281
452523
175565
356030
974844
259107
505988
148568
871146
853928
481771
387619
398650
887472
389207
243124
545129
858867
114840
763443
940045
331657
761648
881399
306922
933156
381722
673309
699870
882180
616167
74829
766653
113112
612307
552971
75472
107781
323584
978152
662904
323999
35340
448682
229708
51471
123513
148978
377427
686620
98743
763042
992471
294439
325803
758736
501200
328280
95878
361013
98997
240251
594606
123266
72097
386261
407089
590786
689295
38201
608325
936529
501628
992918
53684
257908
53370
243179
931443
569123
682589
410296
699760
273005
353608
116583
574117
147452
467240
240529
66826
416016
275878
574206
398359
237348
470957
862641
168090
923568
103312
631441
779639
323740
522528
192729
474540
216060
925480
636174
907219
467240
365835
764027
548686
575567
959707
230840
888906
521708
432500
102979
683346
177064
157974
696212
279562
152813
413637
677105
728284
189281
575927
187480
245128
87318
899343
557037
428697
906082
750350
341350
238493
324255
107781
612051
97465
958975
154753
890171
505988
8635
379304
271486
139454
475093
183281
246127
444615
149140
192754
326506
830300
946097
983648
561879
681973
319593
682146
802300
323332
298214
587649
932645
31192
339548
919061
621030
909324
152398
527551
809543
986451
149504
889880
178114
548145
923988
160234
788143
806015
77457
282628
631441
162462
977370
444615
382866
612307
749464
33354
778853
78793
175811
265115
959605
715042
90626
489109
577162
522012
57152
431603
578851
950899
532184
217481
140814
363057
425271
211629
121292
903214
166579
612073
511218
307655
818322
149820
301395
152398
10493
162876
723822
557037
508616
181902
325149
30053
609092
903016
638262
730703
812858
969474
543237
279631
317804
124686
533670
701934
307080
173312
667757
319334
973659
890737
451190
209899
917055
212306
10667
499045
121292
41887
471894
899875
349342
379199
138255
779500
389502
400170
260096
652043
208500
499826
837992
748513
37781
750850
449353
42584
575644
318160
608972
78456
618483
736154
866995
932121
367949
886547
393466
308067
283882
899875
484933
525899
618483
256719
936529
440026
661217
200897
220717
264670
570004
601098
385370
268967
548790
883801
721603
973783
275878
412032
218798
152826
270713
387491
675287
286961
457340
297695
539231
884243
796651
47334
673496
786961
84533
279216
15670
270387
910891
648357
568511
526370
55018
603985
986450
233901
540769
670135
260095
569559
193742
628431
585326
228355
645001
202618
501771
616259
720359
667757
453440
716184
343058
830300
24697
539232
605084
20174
279216
554094
934414
881798
225392
556696
506176
631242
360473
595308
698810
933570
462860
707814
335257
724159
892096
212595
340694
842941
778976
957128
776619
517016
837258
605138
884478
274321
459825
544849
450969
283882
227387
231183
869945
583663
862214
265072
11768
630290
352687
708979
655880
860697
505960
87871
780787
864684
713182
288425
410751
853016
439621
264697
605729
874900
943950
552356
663369
425053
736472
780193
20300
806375
866897
55202
694745
448682
63622
426775
22576
431818
22156
738460
551530
324798
813972
468331
275492
948703
609541
378582
569311
404910
695465
387281
698147
762740
212888
269688
570004
545475
270135
919633
593788
112192
313192
510947
251255
426775
456781
880763
317125
527924
787240
407792
847426
617249
167932
279175
921405
272504
362185
148568
943114
185109
799975
187640
296365
192667
328610
489008
608410
189960
353629
272616
272625
899934
260202
640640
188405
63379
118736
237348
851530
489109
798748
271206
803917
865091
698162
279216
173321
73936
137794
870108
468628
900290
279960
43214
138836
612307
447020
560861
311982
741460
961502
347524
552529
1
167932
644605
648204
708142
368516
574297
922827
50736
726423
593207
379612
661217
895057
181461
149820
87364
917482
390947
481079
720073
579586
288425
288317
652369
648771
211353
176636
909859
867242
576483
623997
496700
601097
344522
646929
854685
554253
3939
496529
357925
341350
650133
209036
411300
129701
215627
379612
512332
443305
213931
907219
995493
172872
703042
136758
795421
895026
140814
711501
983648
298334
812461
120483
714924
15779
367897
121205
874669
168375
863187
39156
231782
9699
942202
884185
196358
771654
809728
46571
893323
298975
633349
975696
320542
740700
134290
896592
955435
787164
231494
548866
783027
187480
284663
357493
293721
622316
350256
828132
60097
147198
934272
368324
23383
102427
470433
670602
237686
237203
756365
208154
777438
883179
828532
692921
943950
470957
780095
904633
664101
799975
444390
433257
168724
559370
917482
744959
265288
644797
490913
952033
322331
79825
336181
689928
827916
68065
716550
390059
950869
880763
43777
325149
940865
941644
871551
663672
108483
546500
964336
139454
898998
351663
45278
559370
891782
126064
237203
48500
162192
867242
619498
671286
187605
892069
172872
555433
703526
653329
998573
837927
718755
832191
293022
821818
698957
653329
415119
652590
973783
211353
329931
271547
295109
716417
998576
955593
561602
878706
26880
670472
511868
871912
748473
57473
951475
181461
266284
742417
565145
487652
909880
410296
639099
96415
13305
928979
231907
862563
875255
47334
257908
923007
94723
865423
918324
730260
546962
564862
544009
591842
804795
702329
464033
333057
4187
20174
385759
243249
465890
780095
178016
149820
175749
412868
642928
606351
407479
286961
511196
872709
787705
683346
710685
45004
478101
154870
607628
57152
185926
424207
126349
356100
387357
971373
646455
509859
461277
440343
423289
98199
691247
706226
404708
32256
578850
840192
208500
539112
96324
5788
425271
95878
231443
572024
740663
501200
740070
992658
228304
369828
500365
490557
793001
165370
510947
550978
144748
792545
475093
609532
882330
235067
103076
543425
507814
48302
88578
730703
230461
459014
613653
944688
82097
268967
824494
420305
188670
631301
440905
793208
574761
692342
188890
33889
895026
676745
936211
72633
728511
307203
519291
14501
6596
335685
158226
594823
762628
503364
641254
857400
950635
16719
523793
635568
449981
37977
265709
206341
217178
771246
694595
743192
169177
112404
786613
132662
23584
661808
255287
910891
648176
13305
651587
233162
751009
231280
825937
4187
54798
670642
547990
181995
986107
404160
256996
977998
212396
229137
894935
945419
714095
343309
779244
95928
652369
391000
983056
21707
200167
367226
300315
574655
723130
704521
772271
580735
380952
934260
670135
178016
701195
962656
456781
468901
340881
6424
526757
516898
896785
950869
86071
312004
789198
66202
404376
708418
66689
543498
570540
863310
190306
480149
666540
938332
205311
379304
4897
567822
634849
95094
150785
369557
880744
584160
362335
636396
529316
60301
751009
77363
897568
289914
659433
886917
536901
2252
840192
536451
146389
831127
793001
217178
799021
6424
564862
194259
461018
791665
334891
407035
938913
711484
204362
553343
734812
465952
662523
261641
381491
757816
645275
536521
727988
57699
430831
812274
187380
105109
557405
981178
946259
94545
939672
232545
540769
339657
710582
384916
193905
815711
556406
804179
657423
885346
457177
803572
861934
250043
322331
102478
910042
849364
496353
256753
26880
112246
574792
83810
33277
997143
918086
600271
755492
576020
198517
375640
329794
859875
396589
417039
398238
386307
968119
545940
521289
176916
957867
554253
970266
302325
692391
187275
701195
668418
480233
494715
447707
647414
421481
666563
101186
286961
485445
778175
324255
48389
939444
994575
874432
478514
773441
241603
895533
162258
250043
621030
905080
609928
162192
367970
268499
334920
505988
468148
901166
889870
510947
313192
750543
354239
959707
731134
361790
748137
83110
551067
802228
359773
614230
2591
482810
817874
413637
214435
672434
539530
872709
943114
217704
863717
493794
981127
325588
923464
246717
551081
67043
422359
616604
891934
230392
921869
232519
731141
568765
713557
208502
968119
986107
197157
229708
837169
259960
753463
490169
983709
296595
787480
243002
642576
652976
359301
226244
219678
564862
101916
371278
787999
332757
619498
691247
536109
670760
490913
480794
317529
578850
710513
978435
689697
417534
622816
438456
603084
531845
955593
43032
571112
255065
717896
265048
648858
667994
707983
443217
491141
267754
367949
384889
799161
360538
271312
239267
941644
344800
800401
857050
696822
964336
391000
842413
481800
216060
938913
999040
457441
914676
638387
503589
76139
392605
244262
539530
68243
118724
669768
761429
180566
22435
723622
17628
929143
655344
3846
841210
465829
566947
604186
431333
704033
879091
698853
157367
505605
57152
287940
833379
277483
83186
603115
360538
670472
674793
505701
244972
675383
923680
596361
989673
136788
121478
633894
358843
811345
999499
762599
355632
457714
671433
490472
16212
873819
346563
637616
391528
799826
745960
460592
145430
951745
403845
553412
622731
895533
765707
97213
502898
897193
724159
90293
353068
260742
796534
244911
559300
121132
793882
622731
575017
815692
359773
387357
275690
727043
573792
520792
799909
125486
863187
139454
165759
662911
436575
101627
955435
737619
235067
219974
329794
450830
885346
589924
128394
328215
15791
116380
874399
578851
538111
587073
770507
960428
335257
193935
387357
308977
192468
985082
289382
402993
572838
22652
740026
920563
254767
379224
826847
3949
832149
208823
379199
360127
782510
591559
196752
195425
654016
354816
158226
103858
209853
496700
399658
806791
467240
401324
187269
693905
334477
677238
981679
628597
176916
531845
920563
679417
59172
13382
865435
801606
745949
18871
890451
806015
536827
569957
816208
420943
231190
791578
664666
246202
339528
531947
902010
670135
212888
958147
21935
930258
94632
265115
531947
874025
809519
179338
102522
854015
882629
847672
665637
377355
121220
509950
242610
569097
148148
717364
53424
97213
927906
930286
890737
250652
58908
782223
385589
387524
79568
996268
374849
906770
180265
449950
214621
921967
346067
912589
660553
490827
646455
805573
192734
744959
898496
663089
622731
337733
426112
228304
789956
556000
17542
103230
160748
218296
148568
116583
876903
495026
831000
110543
421333
366634
509459
944459
846451
702239
872593
629472
251899
214119
931696
108631
88122
407547
506176
861544
252413
574712
674390
31988
727857
481079
817468
818869
279656
96324
598324
154870
74726
319860
239259
52303
926378
770942
354239
438456
577611
217574
113998
555433
136215
150091
285157
735793
57152
232048
314494
438605
231443
724159
452286
424207
443238
203539
310412
664984
127241
271206
815692
880744
466004
268681
585676
143
903147
510096
62521
545475
114840
201601
715475
371278
146790
498134
794395
933570
61173
653695
603084
970620
347656
97308
130089
729272
223248
271312
22321
441514
602592
419841
164916
288425
895816
761429
228019
711714
153939
235680
139179
988967
748558
583616
259792
538623
771860
344757
196040
744071
702151
344800
799021
694745
566583
329931
959931
421166
340881
769203
187004
506128
708743
369864
473749
420943
512152
94464
373980
213367
426506
207668
308358
761794
404224
281726
19220
67043
637571
636564
439765
172872
643304
22474
198827
520301
771758
33354
427822
949939
467472
192695
582064
66456
748137
433091
815456
394756
661203
310363
551509
560861
652779
861397
905953
524084
832262
930142
501200
961229
206365
959564
483151
695204
978055
937426
863967
157855
779034
150451
699465
102478
743889
603985
332909
28771
35980
977088
572083
775345
310363
63140
752385
556717
521156
239513
905443
925480
884478
244974
976282
501628
736154
244204
426112
104557
960191
920272
529440
799511
162253
324255
97213
533583
423946
946793
837927
219436
26083
190306
939732
766870
272991
375238
145430
635767
79405
205118
652088
670353
971729
30638
443305
500365
651027
72617
800140
244279
114840
726743
15671
663237
523742
80594
188097
974166
90293
606724
694502
909485
357880
700101
338886
2119
175308
894654
562071
486195
727857
490913
401173
405147
818060
367803
423073
980404
199433
669039
896094
896785
838906
295109
391343
787305
425271
149820
501934
611631
776443
579586
398359
968119
692342
91480
525203
59362
510352
691247
108483
514706
677065
173312
846851
986406
637007
71156
305735
974158
76648
35706
903519
941639
297960
375080
959436
763042
453200
393635
875348
317529
556000
360038
230811
472191
403639
96415
456194
392238
741283
552825
761429
15876
784422
304741
923861
19524
623627
670275
481431
959675
945550
918549
18116
449564
1422
325560
936071
713169
153939
375614
76204
320224
289365
290355
531403
429874
183732
845437
743825
945853
637022
805005
609246
442081
257426
707714
302371
361945
559390
142325
748473
733879
506774
741639
69397
115642
986274
849774
109197
505715
282530
324255
638834
233904
598372
976708
889307
315067
120495
674589
996268
363743
394756
15732
550978
419593
843282
745479
753554
282096
608972
873819
277014
800507
451970
116493
145430
153257
508341
103740
65775
709680
772285
773125
787305
480007
729495
874711
748608
917911
552719
781538
220013
283219
8595
861970
248765
611702
53684
535434
376388
788797
216060
591151
268080
974354
545315
323332
741639
936290
818060
978152
552638
412834
600463
946082
698793
664480
789078
126121
949939
391343
31829
231907
108664
964956
187269
417501
478514
339632
238899
609354
467193
470276
919687
31829
49906
978152
392705
257166
828957
389564
473147
306469
952684
278901
646909
930896
408741
114840
197157
95742
326339
790000
356373
721603
227014
907143
187380
381919
435098
260687
134035
748558
339710
831000
675398
112404
743316
410818
365183
900517
559903
189228
170638
320011
441520
256605
528954
777925
412012
147198
600463
371142
403639
75472
979774
264302
346067
633889
937731
449353
440215
452645
995227
734803
243249
162951
101648
311477
913321
472636
772285
959241
900293
689886
230811
955358
777393
996419
477842
826894
906682
192695
341906
562087
666596
960916
416016
485216
727857
771758
698876
48180
285267
881956
494679
15732
208500
423933
793582
68457
548308
208823
469730
127023
666563
638262
401173
947434
925021
562820
18120
736990
380952
855996
821594
660973
115457
628880
782137
639478
128793
824005
605293
804179
654666
141554
703526
648545
461018
815711
596216
301248
8611
198113
621030
235419
666151
18416
450786
225241
679349
68012
724860
935275
317125
465890
563977
168432
965537
799388
87760
821521
595972
524257
266680
237686
130219
479958
613063
658395
178254
790183
662568
294643
810233
889042
858026
941121
325916
362308
879541
855738
472832
85811
637022
61868
784422
687699
46193
217704
323563
189213
71770
509886
864477
97260
385370
340881
603002
557343
973376
70000
68012
556406
706619
293668
407479
360473
871798
766506
118164
10968
697070
518417
54403
832628
965537
370318
597500
299664
535474
641791
440669
599786
262761
652779
228291
60106
377499
104830
763637
603673
87183
310906
418839
328131
656221
6086
673389
305641
237160
782697
153590
773666
526757
452358
511196
348921
392357
210934
527551
214758
463177
332473
975387
467240
863310
816030
558729
815755
907143
614594
432968
476045
176636
758784
951851
985030
264697
112246
62443
180566
693416
526511
799902
724905
587405
417534
55204
911370
490877
799161
456523
367192
606724
523742
811345
781396
265709
334997
388961
314234
772285
834260
60557
798980
632738
395426
138964
91480
617854
543647
681720
134483
243979
881956
915088
574761
85016
291208
368516
566583
53800
208500
823266
335022
393031
407127
827425
636396
31776
594606
689295
822298
158604
157974
974008
30255
703196
973783
367803
314234
840966
743141
825612
937063
924445
316172
867917
771860
895026
648858
930258
1
844227
361945
342609
129842
942293
761648
703768
913321
406657
269263
661044
432352
685270
676612
484933
101261
987032
743141
714349
368546
832196
301408
175308
743889
429112
866111
764755
403259
750222
306162
830359
311914
765707
851031
271909
579816
593207
775500
179338
254922
182637
240529
179935
658330
538184
865742
276851
985284
521527
87574
550733
581285
593200
30139
283882
228019
209048
125857
842302
301500
930598
692391
296595
221084
44816
391768
879732
890273
236551
35911
762628
914529
76478
328193
246127
323740
981091
52658
811233
476469
183711
229757
192851
945787
196358
668204
923400
598104
678728
882888
137974
160265
399718
830141
528990
932880
379886
67208
405286
217704
755492
677065
974158
269041
983818
755246
354551
828777
3571
699224
565750
594851
302702
20954
533965
327752
410937
79568
5645
124877
60418
567955
388323
618353
548790
739382
520818
285527
77383
994053
362083
546500
153939
902257
494499
326365
394352
218763
251845
878042
731071
895026
660647
680751
247939
239517
507814
143664
743855
346658
909859
959162
688208
740026
439449
382148
798743
619942
231183
237515
603642
326249
891558
383214
311543
389920
999510
148832
813474
516002
374099
176115
991815
271486
231607
519054
529316
373658
501364
816741
409136
60156
748608
609268
751102
309256
921220
679137
358086
785147
336181
391343
107781
625406
645501
207725
989049
776847
285066
147452
708811
733439
431742
551530
602940
923041
103312
66128
9605
753388
563611
384019
102979
488028
569407
233676
392357
856921
464864
978887
362241
662574
668769
181995
702119
28517
52658
131859
142178
566169
332473
585287
856500
754153
793728
550044
471894
867242
786613
906591
188121
561468
252413
485787
539232
170489
622394
175811
120418
344197
793884
647426
724974
23584
479453
221163
392705
809213
904614
504592
242079
490251
181995
90715
486317
976499
224305
408625
426334
193691
273427
891934
554749
440632
632951
214746
80594
833691
764364
474583
663237
59172
30908
548561
127019
655128
516691
454968
445511
322714
650061
672250
802244
139702
380794
403805
20348
104287
124939
102478
512540
826492
856804
518935
794066
383459
53610
652369
865114
22474
709401
26424
742417
776847
449140
736337
763637
105992
678945
399951
382148
94950
206341
978318
872469
442788
567955
868090
510096
148938
445724
352797
472715
158537
101261
537133
26424
457714
605896
526248
559402
230189
999499
375614
677116
358228
182332
702371
138255
265103
694269
251523
451817
338886
363743
589441
453200
787480
184098
706003
637616
93983
520053
771758
53424
153232
300175
559390
693668
261641
302292
705553
237378
785415
490251
721631
460042
505385
364732
260491
976786
368317
141238
833434
405098
547818
827512
7606
16541
510497
548818
110543
514706
718016
476155
93770
280706
176115
786418
545940
601098
209162
71029
923400
416662
387524
181995
332757
731365
728284
607630
883602
673309
392037
139631
790183
559402
576197
505407
294245
820468
316838
356678
267334
729114
129842
976708
493190
578850
640444
390375
302930
123513
680169
340154
565750
157966
999510
624228
376596
152826
829310
440289
157025
526345
627650
472357
677787
494207
225352
601097
436955
769203
654202
52089
308977
363743
687699
784508
338886
256753
600463
481431
827512
920746
534036
922133
900517
726451
284883
939048
856331
653695
363288
788140
936603
106205
193998
790466
795540
183986
905351
286928
35462
219866
962656
472636
90626
815523
532552
9227
683955
600396
562328
737619
178687
757176
406657
368327
603002
489599
472519
423946
554275
612051
7432
226485
293351
65879
386107
675420
532959
949939
893198
198300
518417
599675
695235
53513
748137
680220
542903
7840
606351
63241
366634
875440
553112
662533
693668
906291
945419
642928
850080
7606
290860
170619
101916
863187
831127
248765
940045
352951
56719
472186
899639
516855
990356
837972
469511
983422
782796
840515
389207
100918
15671
386661
598758
716967
576299
609137
48500
507619
179839
987858
907735
149290
511594
856692
89481
464294
618659
64765
897886
584281
24455
899162
832262
643645
804710
207212
49624
808710
244902
312004
891953
350807
474675
379995
165370
553112
16526
305346
332909
372930
706712
591109
114840
72633
868775
359244
560708
261010
336432
700224
42584
551351
85753
392036
332757
795425
666540
170338
698380
577611
12896
878336
433972
607809
999974
510505
728764
376362
90293
349767
598708
740557
217245
779521
717994
734569
759373
208500
21523
691085
248543
670353
890189
908832
572595
648204
860613
321356
859875
607161
815692
20954
60417
577099
439621
618830
998658
418685
126489
567822
189960
853816
231190
78943
904241
385222
989301
404224
722972
193546
370459
702151
542302
192621
907669
115365
21935
289401
208353
273456
302325
242610
930758
751972
943637
26229
867419
479572
798980
834260
413856
229279
351727
959972
655344
441015
359773
664733
694057
136788
731134
661203
2203
78505
695235
643074
751102
289365
317125
818401
503021
702081
648858
240510
467372
527191
666263
461018
214339
750850
296442
567967
58908
211350
157075
352175
785415
117603
315681
734376
986451
806987
568511
936603
359241
476013
569484
243214
84185
159228
239837
284426
994052
923400
548277
224305
505407
191859
935421
829126
280684
961502
693669
51976
370099
76897
319349
673098
895816
890273
98181
802660
93770
325827
792545
426240
43777
394526
675683
494172
6596
458279
122220
666149
331502
224305
713554
413006
794161
650413
893132
750283
276104
338886
384916
607161
826360
577358
65775
793235
999882
69397
277483
689910
665103
10878
486591
391768
357493
474153
728635
457714
768695
516079
77457
81532
952906
861397
178226
576483
860697
666540
646971
935072
702857
494968
617720
930896
222678
63971
384707
801797
475043
381552
739382
639145
190306
425872
896958
272007
976786
287124
580075
917926
452108
150785
814557
848405
317136
774202
717618
985284
722217
499439
15878
561737
117252
391665
789903
907735
344757
200897
572838
941201
232310
587957
84310
393147
671286
832391
146242
530967
727488
804
795488
107691
894983
276412
272718
15456
114873
604500
306789
872869
864443
479994
30208
935596
83542
480894
445691
402133
138718
313192
927755
244318
17619
579816
899875
150905
747651
674589
431618
451302
75034
82097
758532
950328
233434
20953
126981
843185
928283
442365
430747
397432
463303
544133
874669
899343
469730
223165
93146
238077
889042
870036
402102
310772
178721
315681
742420
124686
856740
717041
973376
274321
540475
605729
556000
267690
485928
677297
551530
137108
505709
968030
861189
989626
424685
698755
636314
152639
945853
285066
861189
867917
415176
573792
708380
165164
695204
219911
298626
655880
153257
759837
231280
994127
795842
573608
29894
423566
777403
525450
179338
434053
394352
461410
526345
178123
944768
407547
208154
814101
470713
242959
73040
804179
49752
598128
5645
657896
707874
955008
586046
133393
897472
67843
572219
319559
85854
211353
153448
462615
734569
892096
621444
959707
589278
389502
708836
688804
814196
438380
692312
683508
985284
939706
700014
817
452468
939427
569123
660279
965738
689910
478699
993587
428995
856160
709705
764364
866897
335778
48180
175838
314494
804795
788760
158234
552442
988815
256605
194235
192656
11730
807042
418737
972195
66202
730155
344244
212699
937410
564862
556095
979536
516502
258725
324172
686075
746378
966963
48093
116492
971251
670710
101036
834858
56463
401121
594606
425271
696822
324344
930374
425872
449981
553900
834260
148284
394352
960434
133850
800922
328215
480845
788143
796731
280551
485928
749204
876718
902334
953563
214435
67457
553900
483655
536451
556298
502150
906195
762479
114957
533657
158604
271470
597901
303816
721967
976833
814417
76487
331952
254822
283219
961351
203359
559300
647524
10957
704199
302853
936207
62687
763962
441848
598668
932412
407479
391528
904804
605370
125598
572595
919636
275310
588166
500640
710685
98021
188828
260980
927388
571112
153590
819171
703516
569123
801057
367949
494172
862785
543260
307911
515206
186018
536901
862785
5534
599786
920398
950899
61868
60097
902220
397581
132548
208442
238094
539232
350256
644797
683385
437078
687147
226244
326339
942556
2114
485234
909859
526956
87156
605397
971193
782697
268681
47277
42647
649416
479906
429112
325149
852315
954909
38426
472186
942105
779639
97939
953247
187640
307329
596869
84185
273646
251845
100269
719257
727043
824167
212450
639739
575832
178123
37589
410818
214435
258451
798743
347938
261610
203893
23383
775920
89982
377366
960421
651621
944957
346658
665038
767049
674113
180265
50508
337733
737872
118724
164995
438194
939776
47334
264181
611631
214758
243458
660553
554580
830920
778460
453595
904633
677238
136788
127416
464194
347801
707003
828384
277550
889923
6532
965537
136215
132003
962656
902708
695687
871270
453254
445213
848895
648476
570189
876262
268071
260343
813473
768695
782542
764011
564862
216025
133850
443217
321550
522749
897285
54295
641449
432500
269724
562141
642576
920563
845997
339548
93584
615481
548277
580289
931041
533137
468917
243154
636174
955358
684346
972406
393791
750850
410818
97534
450176
279562
398868
514098
55018
928283
367949
372953
235067
750452
693592
788760
334847
375238
571796
211312
426721
47416
247437
878795
9027
409366
175209
510984
328837
239517
792545
568886
859143
405350
934272
978138
283753
661044
293924
977723
166982
797641
509273
975708
227022
560882
994757
886951
623687
661375
713554
73268
62427
694745
489292
609092
682442
323584
929447
977370
749864
600271
978436
797839
30139
826363
851080
464947
231190
271486
553412
16526
986648
547766
219974
226071
973141
350936
848405
224328
431618
968322
552756
779500
168090
599834
457380
671567
883281
843376
471722
216561
667623
102955
364547
133110
168724
85753
773252
51530
889272
341154
985284
727043
867351
551509
251291
931600
900098
837540
616618
328520
837927
452108
427899
117252
826890
547724
313661
35706
484201
543067
896785
313842
751685
628087
467472
64561
769036
675683
669779
464238
545090
94632
903362
125595
618659
777540
827484
633113
831723
764298
661808
768806
200167
989416
475461
903409
541490
39496
584160
68069
10878
793951
618830
312008
325094
292309
778247
686483
298333
629127
559272
58186
396627
5441
936529
523915
642518
889359
426967
666156
938043
408741
220013
906191
811233
748867
193691
55535
955143
808246
483812
935731
453360
407089
520818
865898
606724
160265
579260
741843
626553
890675
428697
203562
155371
712833
923851
26229
44096
853672
919139
856331
430248
723574
419417
776151
269946
410852
243054
677297
635306
579354
181216
490472
600463
989818
197544
645001
669773
452468
17610
101261
941121
662413
233228
977295
377522
130089
740557
788408
287124
282530
447977
530985
334920
191228
44096
317827
600395
192667
691085
524201
319860
114409
996586
994757
944957
109122
724159
424796
833434
858867
301348
413006
825564
835827
360671
921967
116707
714233
729654
102847
458023
506597
848472
892635
11768
964980
501200
472454
395291
742674
597734
606472
550140
444992
903409
651091
267334
904804
400957
223165
129281
662904
672651
689213
802228
286824
152081
618006
151925
390059
695780
111602
734257
74829
702857
272591
568678
959829
115547
326023
12003
940262
152081
774088
441103
188097
243837
450969
738533
410712
276851
243702
551748
450220
167345
463152
692116
262810
670309
397432
593788
983088
779963
981709
133507
489008
525450
984247
439726
412868
579354
703358
988125
638707
407479
246725
673433
28356
897193
859143
826360
500663
264697
899044
702329
325817
804328
751248
364923
560383
498763
391447
915604
402339
580515
390564
265288
782510
410296
617854
867419
129343
67114
368327
757524
715042
574442
147493
512540
446736
936071
662364
880434
203539
532512
819335
196040
175304
379559
48002
150578
374782
596841
168455
462501
735117
904368
216974
956767
441316
436955
580320
237669
232545
755977
894140
613740
569957
95742
737550
26301
803094
174704
842938
596505
401618
69773
582346
24605
815261
494499
180455
652003
72833
307203
816146
219156
745532
993676
210934
994053
49241
586842
289018
56107
680328
764563
713119
23140
793728
840900
740070
47416
970642
478948
641071
97465
142388
741474
967804
244447
20174
23466
325578
474153
269924
589472
623070
470713
959241
764364
227022
588781
450786
751178
198467
497519
795205
101627
386975
14095
60159
421472
834304
103076
614127
216974
885321
158226
454637
169175
77527
54295
199122
739382
959972
768673
835728
998912
452760
632237
50064
938312
934224
146790
875377
928652
122388
547688
974267
22178
207236
272616
794706
389994
864298
689910
407834
869687
95878
729727
478370
645501
963569
856804
848405
208823
753068
464947
352183
781538
259107
447865
20360
473721
918049
921792
828385
208839
670217
38631
887871
930590
485432
708424
734786
358843
3931
656027
149354
473666
484201
403451
499208
878336
19524
683508
237874
336506
935341
61675
39329
734870
167199
534147
323274
779096
563325
107337
918111
10689
417039
701597
827425
482382
512007
408357
452645
824549
583269
906682
115146
424685
177088
536109
220717
744085
818869
445724
948774
887022
261641
600366
325827
350967
892069
968322
684297
903519
358795
962656
393084
583344
