302188
302188
661105
302188
39472
529792
302188
661105
649652
661105
302188
905732
863651
20678
703098
798558
237493
798558
798558
39472
291147
664591
1
665525
796452
783094
237493
237493
796452
905732
878550
703098
159482
228899
863651
508910
166279
682735
661105
861296
79919
302188
291147
910223
316601
193103
39472
316601
529439
861296
926708
1
317489
947832
682905
159482
863651
910223
237493
746692
861296
487985
721401
854710
682282
649652
446458
835190
233980
487985
629716
529792
901807
703098
396922
943215
682905
529439
299820
983802
935933
730172
487985
233980
84826
754160
237493
798558
317489
910223
361490
258455
113425
800145
710906
600707
166279
796452
744829
304899
854710
754160
854710
358393
592865
316601
629716
974099
835577
39472
111600
304899
224903
661105
304899
699449
302188
61049
64113
217814
874745
165524
61049
39472
974099
432225
947832
195127
592865
316601
977775
699449
859063
798558
861296
508910
132974
291147
927881
418043
159482
233980
64113
515555
84826
618059
649652
75616
285698
699449
299820
744829
506861
344359
508910
418043
863832
983802
935933
394491
366810
317489
183296
179949
25214
800145
943215
754160
538821
880446
673779
304899
594095
163780
487985
179949
873057
316601
947832
882520
111600
282149
665714
432225
969705
285698
859063
943215
679855
282248
775727
943215
600707
506861
863832
868677
508910
794306
800145
895209
773286
361490
665525
108719
185552
211588
374375
163780
773286
538821
901807
286018
863651
374731
288905
664591
365751
379707
563321
682735
302188
546001
970769
207701
863651
290497
773286
379707
291147
192336
75616
746692
798558
914038
905542
423615
589132
179949
822721
774126
61049
243653
822721
910223
832720
333078
526244
96636
207701
783094
849281
849578
924185
665525
418043
6540
166279
783094
710906
137131
515555
594095
470750
487985
594095
377048
981142
988645
451339
118007
562509
529439
134849
137443
647651
202840
658529
111600
207701
874745
197296
865065
366810
469592
821166
282248
814114
766130
471069
878550
480947
632541
195127
347389
357301
25214
44896
766130
882520
137443
340441
783094
1
910223
870416
822721
880446
529792
978551
82289
482703
794306
592865
594095
75616
105575
878550
291147
251459
638631
623215
260843
302609
863832
256568
132261
187103
365751
95696
506861
654105
851949
926708
807753
396922
260843
549095
88596
256568
180034
977056
878550
767396
914038
405028
197296
907829
325851
472409
88596
943215
569201
977056
228899
217750
664591
111600
141289
171665
24909
874745
493672
798558
978551
343951
665525
282149
658529
325851
873057
682735
969705
649652
724869
849578
932096
577381
277908
316601
977237
197296
882520
729855
6490
260843
343951
969705
766130
58856
347389
286018
582296
241527
258455
754160
604019
905732
521312
661105
88596
248846
105575
316855
163780
688483
735288
6490
361387
726757
874745
251459
682905
132261
165524
692220
829553
469592
353325
317489
854710
185552
821166
448259
391163
645616
775727
470750
187103
546001
814114
821166
466063
377048
601216
1
700
177272
673116
282149
673779
623215
202840
316601
673779
139625
903312
316601
471069
316601
325851
213715
774126
211451
50213
84826
180034
185188
977775
251230
251476
143107
282149
107715
998543
445092
746692
602284
798025
430530
83547
645616
346961
137131
646878
277908
211588
199590
430530
908207
523387
392081
956413
6689
861296
351716
602284
58856
258455
917602
693551
661736
726836
6709
744829
185188
291147
887981
172321
317489
224903
489581
361490
707920
423543
908207
868677
843415
277165
529439
501363
6540
82289
998543
923671
699449
19324
151642
701031
180529
705358
163780
75616
423543
606989
200694
841010
199590
606989
368503
581269
971847
708343
132261
251230
754722
789321
711101
89169
930270
394491
312650
405028
558935
926708
423543
536237
673779
310345
597388
315387
644588
352409
493672
374731
134896
202840
798558
423615
231438
880446
27802
721401
418043
432370
905542
665525
822721
706264
650530
903312
900816
570632
524710
187103
656899
703098
905732
730172
318756
318756
557190
478070
165524
604019
20678
486510
451339
798025
92966
346961
69757
546001
432975
61049
362535
281429
285698
693551
527996
55702
172149
171665
638631
113425
895209
254016
113425
706264
521501
6540
774163
505357
939308
471069
592865
357301
571038
530632
132261
197636
620068
486515
374375
754160
743313
502295
261607
90883
580491
570632
2587
529439
486514
734124
134077
84826
340027
243653
620068
809430
277165
818424
509507
446458
754722
624507
819851
207701
926708
600953
336128
785485
228899
51232
818424
27341
224903
280390
558935
903695
172269
983802
166279
366810
781194
472409
900816
390334
142486
798025
859063
935933
767295
282149
538821
974099
390334
679855
39472
835577
172269
317489
406165
277165
243653
558935
865065
8417
610280
569201
108748
549095
665687
785485
863952
594095
972610
290497
50770
226929
704199
100011
434351
275926
571038
711101
95696
661736
451339
281761
688483
931251
521053
622047
317489
394167
548391
620068
754160
970769
83547
623215
666385
766130
84826
761542
916373
166279
276677
760827
396922
983297
664591
707920
981142
257685
137319
391163
730172
719961
515343
562509
263039
730172
645616
74037
118007
520104
633706
132261
76121
418043
336682
798558
921485
526244
134896
332726
634752
668376
468061
665714
202840
754722
50213
927881
610280
336682
620068
302188
368503
93757
919376
374375
258522
890025
900645
67232
546001
495241
157950
88596
270298
511708
543891
974099
406438
108472
466063
30145
933338
985765
998543
396922
282248
617419
232829
228899
938853
19324
529792
907829
783094
344359
970296
79665
299820
739735
377048
798558
973131
854710
233980
228899
502063
258455
256568
275926
502425
478878
904703
423543
332726
118182
849281
435661
771169
237493
282149
907829
340260
642830
293107
55656
624283
251459
622047
679855
166279
700
361490
442375
680664
6490
353325
172149
710906
197453
108748
121744
853574
673116
135249
326065
14399
197296
761542
217814
703098
988097
30145
395255
315387
118182
927829
746435
4725
909551
878561
6540
735288
142188
358057
706264
211588
64113
406165
315387
642830
84826
679855
843415
69757
142188
917602
773286
919376
716123
197296
529439
705358
287677
79919
721701
754722
310345
642830
848191
489674
639252
737946
843367
670947
15038
405123
171040
30696
994095
251230
349097
252466
679855
300520
746435
666385
200694
892401
695396
920025
104314
397356
987088
850009
30145
537223
206097
258455
646878
406165
655538
719961
121053
356078
39472
231583
30696
835463
983162
743477
930270
735288
32290
835190
635844
374375
546001
374731
256663
118007
394491
190651
773286
832720
624507
6689
555458
481768
261607
231438
46304
515857
187349
920025
988645
754160
50213
635086
15038
478878
661630
256663
472817
743477
927829
194080
435995
739592
832720
788201
592130
835190
757675
207701
900816
983162
849281
905542
353380
340441
277908
737946
420428
286018
617407
204324
710906
707920
225301
308205
316116
