202790
57198
955533
883500
90092
296758
787186
577767
156092
627169
766309
74795
206529
923471
216136
438773
531904
917873
576175
294430
872254
2730
931514
96543
212265
266533
268321
370791
414473
92311
641748
964642
872683
228156
954105
256001
506164
790288
141702
16182
689692
70217
640664
600099
932041
953630
616439
14764
274136
301936
807008
381670
94364
237114
749437
153221
856241
636143
458126
145444
582122
932089
772752
532832
960512
552594
168021
871547
165073
504765
542795
49705
704283
776101
283716
554348
152200
660556
953782
106827
536303
346582
868469
36422
107585
379545
136189
362992
509892
362021
781690
384504
340119
449037
101112
598150
440363
106006
459623
232455
866875
82885
266165
396747
769455
959228
278527
157189
29350
716811
21603
901618
950144
731891
912449
148675
68187
448080
92384
751383
795608
337240
35713
9952
523580
636996
950008
384894
122079
77793
568630
623018
424728
264670
293628
4125
153522
108253
150909
357524
479799
658462
906140
824238
12360
151665
316355
840909
662842
231659
496179
905410
930057
404971
738872
439811
175146
111530
39552
240946
848981
213930
137117
676395
282610
844476
901485
424649
719905
128555
104254
454323
720816
987022
123539
800493
649905
453306
835168
633048
904673
276386
993106
479249
472123
945855
633173
323729
184111
804078
514621
627228
466760
790473
467142
759002
581208
942842
593047
370232
824396
579648
244305
564499
495127
269524
29143
794409
588655
916713
197360
811008
628615
134787
364344
14325
505260
49574
431059
879387
854109
16859
884085
1082
644778
473637
378357
734133
739588
140752
169426
964686
58217
68469
165830
808609
224265
683470
888893
582284
758767
255508
762582
565153
10389
174677
895997
305524
263535
880921
12331
227314
372399
183253
546916
277192
768338
854463
764829
473643
305339
592462
308994
96673
259242
941418
467861
963116
69250
917741
606253
434357
651329
603671
323563
452788
367441
623709
639084
688451
608136
141073
897806
825856
707678
382336
891456
261226
780764
471565
638845
57574
808466
725577
194696
545466
623259
82819
90226
173466
398569
10804
606964
487468
666239
299224
306821
943290
171377
185909
981112
490310
941426
336815
927815
939725
494156
413387
681071
373566
104744
239489
312590
763492
698943
358866
357163
210710
130600
244909
336288
855967
20777
510645
513075
183881
961110
181708
872481
434056
313335
195121
633775
375127
133671
385330
427521
431406
322754
512481
647640
458286
36654
759858
899992
333935
886945
812406
94647
858328
934713
239955
591071
192476
986927
35100
464397
775105
976424
376494
885592
152120
252039
64247
788774
186789
650664
998162
18345
760628
921172
725628
835615
902591
603151
468970
770375
813582
186554
346477
407486
354511
135428
765374
39439
61618
689283
648119
865167
614964
630047
135467
264651
357829
814046
535745
42211
975590
873141
992493
276370
308171
807532
112611
736651
8940
520846
85938
363351
405594
184709
390841
947260
280171
784775
394497
56648
185085
894595
346451
635574
812693
837972
932325
249889
397405
908688
933278
790386
289618
976778
386976
517578
870117
466297
710713
516610
426285
887580
165198
68416
855567
251659
986347
385811
247032
831575
328728
43464
902801
540848
503977
478290
740519
654481
889160
143404
743425
691241
856859
197196
499162
757719
499274
572832
796763
212807
89582
865082
397035
379279
362842
126319
403571
436393
412019
271435
343046
655765
655924
986800
427923
520453
9409
538828
38334
755680
128689
956965
24688
314462
718827
279853
464905
390373
604170
903212
463995
675918
304427
698535
437837
588633
224778
815758
189965
471783
950076
189772
246538
600966
170689
587060
926575
22418
398180
227445
959120
786365
766330
43457
136281
402847
30896
487683
592637
165220
103670
227017
591202
234407
423326
537293
610487
166659
797102
205701
280164
460993
212039
704376
695404
838251
714487
945881
490196
200011
157388
288075
353781
356236
445780
291407
420206
28239
343497
740594
886174
887080
253081
808476
357096
926903
713989
643400
583668
77140
880505
591138
17785
448607
563159
407603
171201
567396
352796
399457
278250
371400
133311
648137
101436
905287
713356
22046
233757
718622
974796
299873
776635
366770
749936
427956
462772
862342
756877
134681
41159
479178
253881
540701
965958
37061
597085
566587
837229
702108
430663
145871
135808
311716
21493
935978
444883
80896
185793
952873
361194
407093
810393
723651
972494
263083
80890
441425
339809
183648
945350
969549
219253
848430
416363
750347
535670
848928
253772
319919
281693
511586
650678
703231
581367
269647
367033
180957
600230
941521
331680
935043
172493
994845
811622
878253
135538
211754
296443
951800
861252
662202
864993
907421
334744
117492
360634
298063
891661
281330
36978
148443
640728
119366
865795
555003
908789
2333
643537
205015
764282
716264
269221
85764
490434
692339
682416
340844
476044
471276
562899
226843
269986
80070
271147
927736
154441
889785
597925
226771
378030
134388
745278
123419
587948
422441
375717
239683
628751
658054
813251
305624
817482
337182
751390
655696
415245
753289
889796
795804
446891
170196
151836
453674
814153
561539
787230
187348
495538
560024
774954
520976
678137
943839
69348
275209
35757
585288
489237
448381
112358
687801
367346
426935
675141
22613
529479
310039
104341
979758
946789
440833
298319
299043
137454
581078
404361
917071
204539
626375
158712
889051
881366
47338
639724
611210
118690
563224
824158
197672
87473
18885
533414
147518
370619
792457
688989
911434
842724
626213
941563
123901
33207
573079
384340
801565
117389
806452
442965
586669
336005
205792
686958
283512
42250
939920
542570
185769
812555
473851
591431
594916
484280
42690
392154
3098
776739
56519
31582
801293
726977
979399
6789
368404
869577
539356
26837
560843
944599
540038
71578
80607
389103
812174
791808
212255
187058
419296
621437
47931
597809
218359
610293
791052
692723
72569
924411
874236
509187
441248
513290
37758
126321
197593
431104
435278
382586
205173
740113
756816
519309
946275
333185
284610
845196
353154
523791
734293
738532
358957
615273
771334
742315
616777
308202
15460
895288
214868
342332
783382
28055
343784
214444
995435
668118
477249
744047
895513
814107
775702
436325
64540
767202
195783
632997
301910
802485
329499
204051
813611
546294
989427
408618
961780
38823
89026
78140
675915
74736
223870
21119
443003
421340
309658
81729
121551
827502
112620
111751
220241
89178
582326
987049
965852
447687
490815
76953
796574
670633
755079
268865
993631
596028
564928
936228
413272
420237
841595
407135
605765
722195
299853
830229
621315
459493
232154
516883
36666
66136
821265
145344
925342
228948
915920
603459
821887
98424
148996
429109
281777
157910
560613
923229
592264
71118
440147
195267
988290
723437
910185
124992
544124
968447
235877
431361
254200
140459
321064
997250
871087
748682
404580
777427
681616
384780
266413
820679
329777
59867
780264
500385
2025
756099
946723
639401
488057
544728
286743
728265
754565
959473
663674
657930
