997933
738511
738511
738511
1
997933
997933
199363
738511
199363
199363
199363
306359
1
861799
199363
738511
21440
199363
127227
1
997933
709413
21440
486120
64585
64585
861799
194554
861799
714777
665756
64585
714777
665756
486120
306359
64585
997933
861799
832781
220902
395069
301831
199363
248963
1
1
100524
571792
832781
833642
194554
691607
738511
714777
127227
127227
529677
926592
296480
682154
861799
738511
935764
311641
296480
468916
529677
691607
21440
248963
761427
578818
761427
123484
691607
571792
820187
123484
926592
248963
127227
301831
468916
421476
199363
98008
707280
749283
472705
421476
248963
665756
709413
468916
639238
926592
248963
238617
723693
100524
707280
378866
578818
468916
707280
820187
565881
100524
311641
709413
98008
682154
248356
860171
248963
723693
326824
691607
832781
497904
258085
148693
937154
287869
633030
923037
765398
100524
306359
73179
999971
692168
496040
497904
571792
496040
302416
999971
472705
1
992600
1
626226
639238
313913
997933
296206
98008
148693
832781
335412
529677
65171
199363
82672
749283
285355
198622
130155
294494
404457
665756
765398
78117
82672
94303
765398
123484
116341
127227
468916
780266
935764
578818
388692
196764
196764
164332
352692
427001
148693
881992
220902
847997
861799
47084
749283
690787
356511
935764
16400
174222
496040
116341
148693
174222
509590
937154
598226
464907
809420
749283
82672
248356
529677
306359
778676
198622
458030
714777
102341
196764
313913
639238
294494
723693
264635
604945
997933
793950
211728
246883
709413
691721
608682
851932
335412
635880
756067
164332
100524
238617
861799
234930
287869
115554
198622
956166
130155
756349
928150
935764
675445
619995
188081
115102
382942
833642
800577
794429
956166
937154
866744
709413
117934
388692
248356
160909
214678
800766
981774
867478
667734
173248
173248
201090
302416
387047
102341
213288
185968
820187
626226
94303
813969
38052
798549
258085
335412
761427
271765
800577
714777
38683
94449
174222
261353
212554
535087
487945
194554
358055
238617
502993
183574
263840
986597
20496
851932
264635
480926
258085
20496
809420
302416
276425
446814
714777
174222
766624
32919
578818
464907
170991
73179
353015
32919
94303
739027
536165
116341
749283
765323
682154
662305
724199
131325
877584
24786
881992
867478
981774
117128
88491
847399
877242
127227
535087
285355
784004
562395
608682
644266
999971
148693
192050
680351
800577
343563
634647
468020
318242
352692
449333
660901
276425
162453
680351
946414
71028
665756
503265
756349
766624
294494
101770
353015
847997
174222
851522
101770
208554
211728
326824
67189
218854
598226
314641
123484
501968
547250
703927
65171
115554
303342
724199
847997
326824
276425
261525
73179
555335
639238
999971
690787
809420
994567
481078
467673
497904
481078
468020
721732
665756
388174
256743
468020
352692
910376
301946
910153
93281
981774
304040
359146
256745
497904
296608
778676
218605
560763
38683
792830
92163
71028
693678
821575
802560
358055
562395
793950
198622
860381
46711
211992
472705
319310
194554
481078
208554
199363
877242
707280
126874
881992
571792
535087
760185
464907
692168
881992
847997
3425
594879
704719
327410
749283
301946
263840
413794
497482
700941
171100
38683
981195
774864
794429
772283
301831
585150
624271
385331
946414
613129
613337
77146
847399
174222
382942
170991
78117
945071
364302
747483
585150
294494
214189
515542
713484
363975
598226
310166
528803
756067
756067
130155
162453
961580
612699
457729
51186
945071
396432
946414
31066
639238
29916
744285
464284
310166
313913
635880
493221
500488
724199
13493
613337
666646
71028
904315
194554
874065
947069
921675
981195
765398
420975
970005
331635
382942
467673
320604
48465
513095
64585
536968
989137
608682
486120
63846
541835
738511
378866
633902
176710
500488
102341
997933
160909
261525
146431
501968
928150
849477
362760
894200
47084
461280
633030
941572
624660
38683
800577
288226
404457
802560
427001
724199
903066
560763
313913
943046
904315
867359
983583
80505
524894
643210
327410
3425
378866
538257
380441
173379
247861
744285
145200
389524
42852
233983
349542
538257
851932
872806
497482
50407
196764
691607
613337
442910
717959
750242
961580
921675
331635
1
24786
773815
732745
793950
448065
497904
833642
841157
656749
793713
521120
629358
129848
185968
191604
327410
986727
721815
680351
727145
902995
961580
753985
332944
644266
675445
423578
324777
538257
395069
937154
171100
412365
514887
932784
961339
828847
67843
744285
913194
404457
106864
421069
693678
191162
743300
751855
723693
64585
13493
705579
208795
970005
302416
992156
360442
624908
671677
932480
577098
343563
680351
601766
981195
889393
483927
494402
562395
925196
404457
264770
211992
555335
636875
725200
84600
298506
622082
918644
32919
615519
562395
836919
199363
732639
644121
229717
16135
117344
994567
792830
785124
147308
461280
20496
32919
974359
52925
855256
792830
360442
284676
358055
675445
824750
22846
802560
685780
353015
624908
443463
446814
536968
675445
574845
427001
64585
819536
77146
129848
301946
581311
994567
815477
327410
666281
732639
408975
753985
122061
835024
258085
793713
619995
941232
680351
972219
685780
40494
99816
714777
793713
355024
285355
490203
956166
404457
47126
923037
398390
591178
218504
528803
378866
922923
888404
347062
996838
185182
421476
148049
601766
63846
918644
739027
347062
757955
823056
766624
604945
216700
55603
935270
494402
691607
594879
765323
626821
205122
872151
635880
819536
777124
84320
725200
64585
973307
363975
624908
277045
784776
315732
670287
627117
773815
67016
308522
787409
227063
604945
902764
596178
487945
84320
820290
296608
141691
922923
314683
319723
986597
877517
335412
54539
514887
997933
624660
875772
691721
911584
823381
335842
102341
582131
745657
160333
518072
559782
288496
866744
933090
333200
479103
604945
194554
435863
63846
268124
148049
952531
363975
665756
343563
115554
315732
734265
902764
541863
425151
894200
243279
610954
113134
866930
284676
513095
832469
54002
335289
867069
809840
909863
662940
831273
311641
359146
237494
52925
670170
545194
787409
480290
218605
205050
306359
493221
471188
353015
233983
120363
435966
38790
582131
496040
462943
412365
152673
322651
378816
36586
555396
356324
366950
54481
701584
121377
973307
986235
285355
32919
395009
439311
935764
449759
777124
629358
529677
265697
986727
877757
3425
378550
126874
145200
579128
378550
38683
96204
764880
828375
627569
952531
120363
627569
677746
449270
700941
563289
709413
301831
723693
308522
236601
481078
386831
188008
439335
743300
902995
261353
899824
404457
5129
847054
695295
464284
958593
117934
922923
115554
101770
190957
16400
249781
693678
555396
525416
102341
249592
500488
130066
817301
670287
973307
928876
439311
739027
115119
477870
529149
314641
721732
633030
271765
881974
602735
581311
670170
793713
52925
180654
577466
379090
897787
454090
261525
471188
130155
343878
576810
798549
901657
255774
811416
78117
745657
47126
65171
822533
194554
105690
541874
970005
92163
571792
983688
419170
667745
269199
917429
427978
481078
970005
115102
16135
372304
346059
919880
981195
881974
551824
522901
576868
316434
79381
316434
596178
214209
718529
504965
767797
648752
765323
84320
171252
395444
174222
57553
923749
928150
820346
333641
601285
97099
545194
231526
200811
131325
412365
961028
810078
212554
943703
347062
47126
604368
945071
148320
69325
524894
877584
656715
421476
109226
757346
685926
798549
396417
480290
67016
954447
396651
84769
31066
970959
211728
710598
352692
937148
378550
358137
82522
745582
60647
717959
983688
264770
327410
256745
669078
945071
652456
372304
29272
847399
857785
339060
22846
928150
971176
38790
485029
973307
528803
205050
173379
449270
644121
164332
521120
239605
947069
961580
938317
137385
131576
291601
29916
802560
387047
732639
485413
367075
875772
690787
247861
164198
356271
21440
901993
312693
790719
218605
219052
875772
359467
527239
914494
521385
358251
115102
1429
527239
750242
784881
372761
958107
424746
558748
867359
820290
576810
38052
529842
643210
107681
211720
208554
692168
672091
914494
737592
346059
780304
820346
504965
928150
608682
963870
86712
873882
243279
324777
196772
285775
205122
823056
217231
986727
87974
902995
303342
954447
385871
208497
981195
901993
94303
207357
685281
311641
745582
754910
271765
181682
278832
935270
288226
173379
889418
378866
581311
529842
38052
160909
243598
756067
670170
347062
127227
562522
680351
877757
655267
241588
760185
82522
986597
726863
432930
694915
823056
872151
602064
737592
50407
207357
952501
721815
623333
747483
854943
205122
67016
218504
997742
96204
148778
928876
722385
872151
937137
18685
464907
67843
69325
487945
229717
148693
644499
762834
171081
50293
398390
372574
395444
917429
239605
274356
238617
893677
629358
674485
994650
867359
811416
759157
747483
601766
902995
158087
474597
243598
963870
761427
626708
314724
134158
87974
761427
558402
643210
943703
379868
106910
261842
362760
780266
196032
331635
440801
356324
287869
227071
690787
888404
320604
58764
160080
208497
539780
190957
173379
983583
897787
883571
102341
286571
494402
138058
353243
217343
706604
74580
493221
948247
780808
115102
656455
878184
255774
854943
335289
460988
636875
50293
480290
835024
392016
581027
130066
644266
822533
286571
737592
923037
619995
99276
596178
327410
196032
420277
685926
923827
372574
667745
602064
95806
741032
947069
574845
76968
423578
493221
577098
370335
136992
608608
721732
897787
743300
29916
49551
43092
698661
84600
814611
235025
376288
308522
582092
766657
874315
773815
847399
683909
360882
462943
55603
387959
491689
922923
902995
277999
27375
176710
981195
861799
388390
179865
174222
215654
655679
515542
877757
691721
31066
541246
724199
691607
285775
220902
878344
676632
360442
629136
919813
918337
992600
245360
652456
567994
171100
257468
214189
669078
117128
12154
999820
174222
660901
943046
567392
74829
560763
494402
528803
879507
554431
933090
924615
258085
575674
246883
692526
670170
328120
910376
613337
581772
40078
314724
781324
829404
906
425151
528803
166811
879423
196485
480290
847900
990665
723693
606243
582131
289823
546947
388692
426107
840718
714777
117128
84320
271765
349542
413304
796312
798662
469845
342119
970160
971035
131325
100524
288226
36646
479913
529677
639544
137385
598523
500488
730368
334881
272198
877767
993912
124922
845686
360442
51177
189580
297380
208327
907041
994650
87974
341629
541874
528978
123484
354509
335289
793300
932245
802560
124922
211720
682154
692526
579128
610852
491689
659303
397514
228738
867069
162453
952531
295286
449759
55949
320347
356511
219816
847399
389524
938198
29272
473477
505458
314683
986356
985956
335289
353585
901993
382942
70515
489267
778676
483561
335339
710598
545194
886209
730329
954447
632204
335289
531803
294382
780304
633030
237494
404457
65003
599788
102341
694915
956166
672540
996582
451721
114218
989137
264697
304040
832781
84320
147308
812244
694915
629358
329944
541835
198165
966675
567994
555335
669078
757882
724847
672091
394447
981195
708201
757882
269073
990665
634647
922586
34037
396330
747483
474597
427978
995615
777124
948575
938317
948575
239605
480926
180654
732745
356324
20188
146701
659923
249781
999216
624601
369303
774864
312693
832469
708201
288226
355024
736654
787409
173897
190957
466313
102341
937154
399661
961028
833642
748025
417030
237205
736654
304040
817916
837286
654188
665486
785124
58271
449025
268283
103008
160559
608608
684946
173379
418380
427001
666281
468020
380290
967397
287869
598287
512247
215654
528803
611555
725994
46711
739083
12779
776441
101770
508284
378550
319310
935764
635020
117344
89530
599788
544520
306359
733907
995615
854943
314724
264959
485610
395069
14604
741032
418913
266140
430725
314562
716074
491689
654883
910153
448065
471812
395032
802067
653354
84600
541835
465644
659923
676114
464456
466313
749895
216418
274449
772283
419170
105690
347062
471188
539705
3425
95937
751080
51177
892886
928150
435323
94303
626708
37477
292573
652456
677746
776890
603121
642366
40078
781607
909276
192050
798549
40494
474839
479505
759157
94571
432524
36586
345211
660901
412364
89530
376327
496040
95806
289685
454090
513691
623062
741032
301946
647429
448057
52370
105690
659246
676429
389524
448065
20496
883760
451608
14312
910418
623062
989137
346059
755536
732745
847900
242571
105690
626708
555335
591178
54481
460988
947069
578205
39821
728562
257468
932784
597288
120971
760950
796312
778772
820290
953450
563506
127405
595536
93281
78117
523146
522722
458030
734031
938378
928306
576810
358055
581311
341629
609073
731987
592498
554431
38014
199363
560855
682154
692382
427978
745582
514517
472158
378816
147310
38052
147554
110201
320604
577938
793713
690
505458
378866
563228
354107
670966
356511
559649
425151
574934
764880
971176
107093
121681
513095
179865
156960
183574
107681
714777
608608
152673
635880
867359
6990
692706
115554
319683
48465
991079
999216
163141
171100
18685
724199
843484
291809
627117
209349
106910
320604
127405
676632
925079
941291
807087
667734
660901
742272
759638
891234
74580
191162
804710
472158
256849
52370
450362
830507
101770
658177
419170
89966
227071
974158
289258
324015
676847
762834
588109
244759
954149
237205
448065
107681
388030
724601
377461
553859
820356
216629
923037
734273
724847
441686
544520
684514
742843
58764
764515
313930
524894
372809
131383
485029
104422
105684
659246
257468
227063
656715
598226
246431
525983
905970
904315
213288
570910
569925
824750
164888
344948
344034
742843
777124
281706
592498
724199
779961
249781
672033
539705
582131
113134
10442
58764
660901
602655
752495
502528
531803
496143
310945
205122
67016
542341
65003
871011
274449
707280
526559
208795
268283
118340
539877
754057
537486
585150
226551
653354
38014
692382
635697
295487
100353
667745
139191
963572
706804
826344
542785
101770
161021
498392
12779
672091
608608
728825
304040
138058
26388
359467
342562
27375
833793
502993
395444
448807
355988
757827
800766
796817
693478
388390
919880
100226
883571
934478
208795
343601
591866
895307
878999
676632
199363
248356
823381
646465
364765
877584
828847
412816
415412
739027
433376
219985
694915
527239
570923
304040
99276
208327
601313
129366
372809
629136
189065
221471
18960
147308
845222
480079
347062
986650
167601
284676
289685
902764
946496
257426
461528
481078
500738
747697
18788
431128
535087
479913
462943
470744
227300
899461
691097
166811
501968
952585
187450
963968
968583
50122
547360
359653
999274
732639
772300
179714
743171
961339
757908
344948
346059
545163
746616
970959
599788
635283
639424
448807
365728
205122
621118
719034
344034
811416
249781
145708
994650
676847
914494
16135
403241
247329
929550
703784
396432
746661
677746
122466
815477
555335
474839
521385
837566
193596
57538
176710
623062
925079
160559
457729
220379
717959
340757
129381
464907
94571
160452
463544
834232
789801
988780
340386
471797
430725
558402
371294
999274
678256
499439
211992
343704
553859
762328
174222
269130
938317
301030
408748
84600
50122
135838
703127
546486
160333
691721
895307
551228
456514
578818
575081
248558
677336
567392
213288
642943
613337
1
306826
312693
294382
860171
62613
277999
214678
531304
395069
370735
948257
899461
318185
500502
858375
134721
881508
64585
113134
751080
34037
620702
227072
65003
528978
713484
961339
188008
160909
42852
839002
250831
310201
853291
708201
535087
141691
606243
630270
213464
582092
860171
28949
5129
243598
43092
562522
615791
802384
728562
411792
38683
825346
617960
366333
728825
525416
481078
899824
372809
635265
268124
355948
289940
630230
745554
201090
392016
284676
569925
522901
938317
563289
993476
11502
927363
454090
449333
953352
439311
58271
422490
295286
670966
427001
417030
820356
831273
18788
471812
100524
781584
569925
341735
36083
285027
273336
427001
683527
5129
161021
295487
119035
314641
968387
97099
808959
602064
938198
724601
840727
473477
281706
463544
327916
395841
212554
659923
558402
149362
16400
209241
571792
372809
154101
350622
264635
901735
313027
103426
291809
210932
75648
131356
395009
727145
57553
554431
249781
81785
996241
127405
345723
513043
187450
938198
542341
430369
899461
196772
278149
998549
268283
630230
379834
191162
861974
441263
635880
295783
310166
644266
899461
449333
71028
581027
453007
351235
988069
379983
845222
447779
43203
689666
564929
343704
812973
1429
421941
704719
820356
779544
65003
235025
938317
415389
127221
857785
179714
84320
957331
635020
6990
560774
220902
441263
798662
312551
160877
525983
160909
299043
717959
533920
581794
780304
711760
13493
872193
500738
605470
288268
201090
937154
303342
160656
940496
40494
479190
780538
344948
744587
350622
216392
327916
184117
772300
722385
820187
435323
58271
935908
684645
880045
285027
63846
961028
877757
99276
543850
347674
749828
421497
554656
153482
30821
748708
152431
761704
43253
153412
700941
940496
218854
769274
420367
289823
189065
146701
627291
708630
43203
930008
369254
19930
997470
937154
588337
196032
775287
335412
986356
541874
310166
464248
717507
60647
50122
470744
958107
427001
539877
664264
136521
899162
108014
910899
229951
687114
874315
88491
250831
935399
166105
793300
799665
162453
651450
441298
901100
298408
556029
502993
635697
591866
152673
170991
577938
378201
999820
342562
672091
981774
812973
275177
148159
737605
186261
64029
301078
564929
470744
672033
307316
790719
229717
870729
963077
898504
644499
787409
498092
582131
451608
794314
764515
872193
266337
30915
765398
18960
743639
148778
856070
560774
38790
33641
963968
639238
847054
798768
455141
709108
102829
369903
257875
959193
917429
137385
227071
935399
347674
795156
909276
42330
796312
496412
534136
332050
294382
975344
356365
248356
32869
50116
227063
60647
342562
967331
542103
208975
929550
480984
961972
575081
256745
685849
95806
102341
733724
953450
186759
408975
542341
633632
478399
344948
798768
954447
379834
909863
761704
385331
44091
639424
178392
880045
553859
536149
694915
795156
189924
925196
956221
971176
173036
886315
164332
784698
269073
649558
614378
319310
573597
210932
272878
64265
35846
497006
691395
811416
416448
678256
329944
161854
324015
503265
113639
296480
59022
687114
464284
52584
564144
525983
990665
50407
16135
577466
921635
363014
50293
17412
910899
703927
834232
595536
479913
380695
113134
207357
877219
930597
974158
321805
46711
309945
245285
103611
652430
315695
173379
563228
319310
785859
943046
757955
30850
922923
461280
290597
203567
55949
888239
476745
659303
744587
100226
582131
168198
644121
602119
911584
888404
415273
901781
2961
804710
426155
925079
795176
102341
582083
975224
728825
364106
267991
588109
453007
443463
276425
812337
654883
13780
576321
958107
548086
352692
749283
456582
567994
163886
504965
544739
61275
594879
648752
60647
971320
162990
910418
462943
209349
497006
354220
43203
308522
986057
369303
646465
564569
139766
526289
211076
709597
828595
246071
855256
1429
502040
705579
567392
400900
415412
31077
471119
52584
92163
97099
30821
924628
651450
592106
722385
780756
958107
99816
472158
913209
858375
597530
988644
752452
298773
927558
567392
516090
39821
78304
832781
665456
231526
308282
418913
677746
576321
464456
834163
383196
624908
442910
709597
619687
57538
385871
430725
685780
196772
432452
486715
287955
69325
55039
126745
635697
77570
879423
164335
16400
862174
635265
568610
421941
627771
448057
943703
996241
965556
874921
684645
743639
3425
782517
98965
968497
827260
899460
738473
45339
923884
107966
812971
364302
872193
269073
709413
185182
218605
513691
238617
322300
319314
730368
99424
968387
622643
635880
591178
274449
244578
127127
185086
285355
82522
575081
610852
113247
857598
213031
724847
216629
220379
408024
31066
342005
136992
769917
342119
289258
832955
477870
690872
874065
356271
604368
316409
963968
427864
205122
941572
379208
660901
371294
821575
597200
997933
948759
873882
332050
424932
154490
785859
382922
613496
861452
260607
273336
988780
421069
691097
537241
997933
424124
160559
894269
730140
227071
956221
196764
879423
844925
216700
16534
745554
497482
296274
676114
772105
327998
547360
985658
722304
983437
628101
356511
725994
319723
887060
477626
938198
760185
445863
576500
146431
164365
511073
750003
622252
734031
755765
31077
647429
958862
899041
925079
45713
603387
785124
929550
157122
794314
408748
589216
358846
501681
441263
243267
520030
154483
395032
574845
49698
60617
140568
79409
358251
155728
363014
603387
20332
801600
129381
287869
376327
629136
106910
104422
613129
574845
479190
495792
559649
624908
975501
263852
164365
148159
293793
912960
211720
400900
203482
159995
367075
784881
928306
265257
483007
180654
467467
48019
126398
423121
772283
403421
174222
696691
703127
356056
500738
319683
516090
19309
245419
169890
507647
968587
440144
322338
264770
811573
98136
467673
9040
231977
971035
254913
765323
275155
171252
271069
196764
497006
529561
626708
419170
810865
477870
252421
954149
780304
662305
379983
574593
630083
359146
222742
745582
5225
91996
535087
443463
309835
267991
5225
190863
539705
496040
835788
188081
575674
778676
205433
43253
270669
490203
390996
563506
500835
944636
316409
52925
655621
882228
96204
643231
721722
901993
55206
405522
365982
84839
877219
676847
293869
154490
305767
775591
613496
11517
421069
687930
826308
27838
441775
355948
269130
32877
214400
1429
751855
369792
57957
135865
432420
99816
849477
821575
950787
751080
78117
642391
196772
421790
157122
599788
731987
217343
449270
733398
492185
142836
127405
642391
387189
117291
766657
658991
439311
743639
428250
227071
581027
952832
600663
485413
333200
989137
644266
298982
82672
820356
126745
781324
589216
389524
784334
643231
135838
973552
52584
500488
231977
999971
411792
941291
190221
293869
272878
560774
945127
950971
365989
87437
963968
394736
35846
435323
643463
574934
511666
849094
776940
213288
419466
557801
551824
937137
2961
604846
895307
188008
502040
148049
743639
941291
174222
738513
233808
681529
609073
687138
271765
860630
690095
642264
847054
903051
623328
367018
146701
879712
571064
805420
160452
106910
994650
820346
730368
717746
904315
785644
642418
225146
528978
74354
922579
222742
451622
597200
755017
54002
779544
287955
321798
187209
298506
233983
71496
915918
397775
493623
446739
317966
979949
709667
502993
697175
748807
27659
672817
50838
747534
740498
276425
120363
245419
403241
45339
137319
258834
554726
981971
827467
67016
839413
160877
736654
630462
710694
787409
785859
882407
576936
180654
142836
971897
513095
719252
847997
824881
539877
542829
971035
390996
658177
847054
576810
601766
968587
339060
881992
55603
761491
37477
843208
804710
40078
861452
660901
526578
280954
734031
56207
744671
970959
549559
464907
28355
621490
311933
953136
341629
943046
432420
717507
342843
791720
38014
260607
160080
383196
571064
591206
779036
901554
12464
369133
780808
423578
197211
233983
145130
635265
630157
884624
970959
86461
666898
66609
309835
887060
544739
727145
538257
740498
778301
90246
561233
131383
103426
64585
448327
287944
291809
359467
707562
198622
632840
628101
847220
717507
886315
308368
745582
260607
359653
36407
413051
193272
659303
794314
254049
837286
180654
122002
50991
784776
983583
459295
721011
84700
418913
649558
95888
597530
283146
379208
264761
659923
343563
121912
293332
342843
866302
888854
324710
565916
929550
324015
797535
837901
800362
789477
765837
996838
86194
89622
774864
432420
551033
488112
848194
964686
670287
155296
643463
231526
365320
792854
184431
159006
343563
505904
549357
486125
986650
30821
770515
192843
623062
656749
704168
31775
80505
285775
233771
554726
801533
408975
812337
201693
928306
930597
612699
753985
924397
684514
71385
82672
731987
241245
865910
14816
30850
527601
104901
661459
307316
925079
356365
77570
62238
804361
717249
956166
300290
459220
537241
857598
163070
604122
461528
249592
961250
308522
308274
545194
704719
356324
747947
906
523146
859605
237651
672540
348370
605470
231981
757827
135294
343743
747697
582131
30821
126986
179865
939488
865742
502886
180166
558748
529537
529526
67016
48823
429629
721732
608787
539705
135294
126874
867069
358073
765398
255117
901781
65485
748708
231192
869580
616432
68587
23061
229874
533925
922579
347062
898405
811416
508284
647429
464907
878184
105183
374831
937148
16534
260386
634112
940308
475963
930784
767060
726317
828375
455141
601313
18013
963646
616432
120776
7717
298408
601313
386038
907249
486715
938378
433376
654220
589216
214208
2210
928150
139527
781324
812971
309945
141952
849251
927363
166105
724847
887742
313913
710598
507158
249875
20295
883760
707280
868231
365989
49891
652346
117128
889879
928306
851932
986057
208497
629136
510156
112693
392766
145130
756793
835589
72109
427978
435863
501848
596662
730329
507740
524242
784334
624601
874925
771587
191690
379293
528803
823381
703784
996582
938198
654220
997470
2590
44091
480984
949422
140410
246560
9040
649558
992381
706804
295286
74474
889538
990345
328079
105931
290009
326736
32006
634647
505770
701535
198165
801600
652430
178392
881949
987367
752334
597200
629525
952531
12068
682749
574589
400017
540530
894200
945071
470744
233983
261525
59248
342119
217343
451768
47642
790396
147554
284676
967650
232573
38014
47194
851659
270611
47642
289497
371845
626821
730329
631890
861974
538257
713204
722385
385331
424932
385331
251460
400017
477870
995615
820290
405278
313913
542103
577171
231977
426155
57100
32877
409177
477525
239946
461280
33641
134721
879423
809037
597530
848251
233771
396121
147554
234930
56303
359653
463624
880030
957521
739863
938378
525712
971176
112388
898504
656455
277999
849477
408975
80505
951960
770515
528978
526578
955775
554726
513043
55039
799665
819392
776168
861452
168691
277999
362906
689666
925308
619687
389524
4934
755475
319723
90240
676429
477087
447664
711989
510832
58764
312855
761491
939488
14190
950439
350622
396620
701584
360442
698041
301030
133376
117291
2590
780808
108440
135865
997817
553859
480072
696126
496412
639658
228738
801308
499686
882228
672033
173659
745554
210409
479505
802965
50122
857565
258834
591994
697321
61839
998549
257468
248558
461621
309945
266643
717507
148320
834163
264770
554431
651317
911187
765837
985956
378550
926185
826552
72893
196764
69987
424932
837566
750828
287869
847093
44374
495792
258085
619529
925308
256849
388390
823056
643210
945071
307316
457929
889033
79381
243465
360442
369303
877767
561011
146065
514517
395666
861798
833732
812051
351235
466065
106442
60382
551863
691576
493221
782381
502993
953450
148693
214208
322651
582414
154490
803367
654188
432728
580247
713052
827467
365728
163886
264697
789477
218854
485834
513691
555703
93898
49267
155303
2590
699960
803716
900528
728466
145708
423301
314683
518462
348608
862062
477778
409095
364106
213407
800163
892886
92937
378201
709205
585150
952501
946414
922427
210169
867478
512481
639238
510832
378201
805420
739894
67843
531039
223894
750003
940496
842352
440801
832082
126610
326824
245360
412389
205433
449348
821448
307874
659923
180166
845448
932480
313913
792854
280776
570923
264697
446682
44033
98136
752334
674485
644121
889538
217408
518248
676618
62848
238617
544739
786892
133376
643210
895914
590495
395032
749093
776502
525593
163070
725200
382774
950787
568060
946933
652835
293777
675445
164198
24966
756067
691395
800577
256745
812051
136319
322338
721722
189580
967746
266643
682167
792830
348756
699960
579460
935394
801564
511666
361445
795794
108014
689666
741467
396121
828089
713398
289064
928807
551228
896996
790719
381305
724601
308282
561451
913720
867069
603233
745657
531527
414861
513691
527627
254913
754396
951289
692706
322045
205433
231192
895341
704961
412364
833642
579360
41824
284734
420672
608787
448325
728614
372304
919823
701535
119827
189065
445863
757346
790396
971897
745675
832955
958595
178050
122820
923827
252358
300290
740126
571064
872193
622082
210409
14312
759157
257426
621560
27838
644499
886315
345424
910376
409177
24176
545163
325813
983437
635265
541863
845686
259130
202191
399661
291601
711680
938317
957521
945071
747483
913209
561011
367332
681448
557624
904315
760950
259537
957594
562158
475089
451768
210217
595536
759022
395444
723680
160333
739259
542103
581311
486675
803367
447779
601627
252029
951960
822731
575081
80873
759866
396651
344839
566970
756448
621560
852001
295389
49267
468020
872806
372640
191604
688856
318160
999820
518462
765837
91936
635128
36083
990345
784325
690095
59022
192106
891458
923827
304944
592498
796817
942438
744587
696461
220902
502993
793713
507740
950788
410104
922427
384284
749283
680661
4397
812748
289823
38063
766643
318874
240226
795156
810078
639867
84668
572450
479592
99276
983661
992600
79381
838992
639870
49906
704961
369133
495937
402057
24819
97899
61703
436657
360443
697321
900908
61562
369792
389411
493307
913209
522901
779544
630462
203952
205606
458086
835024
152936
576810
809500
935394
684975
833793
914610
362760
622643
762692
10918
881974
265697
926638
542103
747483
743300
126398
861798
758241
84920
757827
850917
738511
102764
424807
229406
167192
272549
792078
739083
181199
295783
685625
245951
249075
203792
104855
565881
28815
963870
39821
934478
255306
651506
624271
709155
839413
778844
710694
483927
188008
98991
970005
105684
610092
112388
264635
974359
582226
278149
155632
661429
429577
658469
731370
650182
563215
139771
777385
710763
610852
630833
152213
813598
289064
510111
376303
159432
257875
967905
14816
540924
87667
50231
835788
242347
711523
975264
698449
508860
122820
995001
983661
271417
745675
901735
137240
501968
703784
491866
968387
166811
135116
818203
237205
358734
923884
627771
148487
572282
612636
990726
986235
530444
529149
420679
270611
376327
540924
427864
322045
598236
301044
12865
786222
258094
18960
539435
633902
271797
125568
206865
811113
174687
383364
740126
835589
179684
926592
971897
374119
996066
491866
364524
748708
140390
954149
707280
899461
837901
996241
526387
397338
891458
252421
684057
466909
310671
163070
123259
625778
571064
76029
139191
516090
101814
349515
122000
311641
349347
831382
591994
696691
881974
698449
437771
576868
753439
309406
359146
756349
372761
528578
484520
441367
704961
560579
211720
624112
594456
227063
745841
922923
736654
447779
258834
263374
813114
91936
19309
158983
389411
398390
632384
94183
898169
755095
190695
4934
915918
271417
129366
509561
61028
276163
390996
742272
708630
511666
439311
232539
622728
497100
850665
677365
310971
483310
259118
795112
131023
520569
923827
954083
935764
252285
748763
588109
28923
446814
81662
60647
409095
334881
368755
788547
877767
128246
391878
399852
988592
61562
946677
86461
967746
408975
917230
281389
847900
292285
289497
82672
950254
896960
476745
446946
476768
208497
502993
359467
122061
239605
840727
727068
755475
396417
684290
155939
94183
989569
244578
624280
920366
607329
608787
209227
724847
715704
905947
775591
259007
338369
485257
158983
670639
36646
383196
477778
205606
403168
754910
678301
622728
691576
901100
472158
278420
88228
580927
74474
907041
707498
684563
393669
127127
93392
190484
35002
251460
33478
689666
923208
290573
375891
988780
541863
271069
997933
579360
396236
629136
565991
160935
603121
690787
542476
997470
396417
703127
862174
403812
505770
335799
994662
295624
194381
957695
343272
875772
266337
849193
744470
26979
490967
388030
176251
645823
801564
73739
840207
975344
20842
249781
293380
749283
106904
185968
783760
613337
460988
848344
450359
998549
728825
370335
811984
866744
299770
359392
162444
82522
952161
962549
494000
944636
769508
5832
841309
579000
271797
633265
877757
81820
611233
521385
812051
802411
708051
877242
615616
293332
738941
858125
515542
933793
295487
887060
647429
241034
124348
216201
933233
810865
916607
62932
54481
904179
731679
776890
845860
99816
30440
737592
85037
946933
759022
950788
630833
89530
18788
268765
278274
203952
419466
161547
635128
691607
247342
703974
192769
365589
155297
392766
65913
471797
793713
57957
298618
639658
368111
538257
633376
105931
247861
463735
164365
257468
689343
822159
740135
919813
154158
639870
752452
555703
20842
260208
953064
33595
176823
59022
376288
228702
654296
887060
299043
566703
997742
38052
639424
726863
733465
132475
744622
679622
919439
420277
295286
983734
827747
761496
56822
685849
496723
880220
298896
942988
924397
576500
207357
10681
296480
678559
133176
462362
608682
399852
535087
867368
839450
525475
133176
4333
16534
369757
553019
637577
525416
88503
154101
379625
60418
175836
440801
562472
196772
46782
696691
207080
575028
413304
508733
47642
497466
635880
239882
733465
519200
857565
999971
805701
321805
894200
146431
529537
628604
990345
124827
138988
243167
755765
318360
252029
591206
926185
74580
451721
493307
753985
365589
857565
923884
441263
278420
301078
570380
535423
159006
101565
4397
936328
781607
983437
533298
861798
986356
254913
669580
951071
438605
413324
627771
693478
863404
453364
769274
990665
739949
365589
148479
665486
229951
872960
102977
880220
704899
119375
274618
932784
999971
748763
390996
425487
321805
145130
970650
999103
143176
886209
144210
245770
669198
415292
255117
733394
682167
367018
501657
649324
561233
301831
868101
715371
503139
102068
512820
371845
699737
353243
358251
802965
439311
409927
900528
992156
31662
630462
604846
415656
141952
708748
591662
62852
578205
464467
967869
678559
459416
529561
482609
380695
140568
145708
952501
587476
493422
100480
210217
149840
807742
187630
504691
255117
301122
645023
349515
102423
87974
448546
791720
449348
391431
633265
370100
832695
422431
170991
90240
72893
895914
532359
12017
987335
3425
574589
369903
232823
544520
63241
52774
709209
671177
889739
853787
740498
362760
553019
30821
217794
84769
560161
199503
529008
867368
801813
294460
743300
419466
534073
969903
717659
956166
916393
617960
472158
595445
62238
221780
118053
861798
848344
423325
559782
812337
707562
642177
449333
756091
76968
799707
859986
725563
759866
393860
296480
174222
677336
20353
77101
644073
366944
987495
482167
761949
878607
317966
700941
11517
428340
567392
394447
910899
449931
552952
811573
436328
282882
862062
439457
504879
619687
651351
621490
107833
215654
877411
681032
633376
608608
919087
52925
343914
696618
882228
800766
29415
740632
275155
639867
552030
701597
100524
730368
208497
328079
574934
842352
839450
647790
537649
654296
95899
28805
800286
959987
652456
236615
772283
715704
595774
434285
405278
533920
155297
359356
59691
791997
608038
130155
272198
628604
522674
672033
80505
51186
825784
130155
146739
713016
970463
260429
168336
425151
448327
212202
89622
164402
748191
432728
635020
773355
237651
733724
333751
749283
213464
501795
491538
189244
244704
183698
621055
239722
345424
824881
319683
922586
353015
490203
984214
493422
378299
122061
356511
49891
487512
430237
589917
929550
561011
432066
72893
241171
652430
847997
621118
753783
805420
13977
82522
284444
308183
48465
880045
48623
173036
293111
276431
92714
79121
761491
755536
778301
87699
252698
98136
104439
135294
887742
888858
61849
687930
294382
571100
320604
711523
942123
643959
285355
493899
513095
755213
686912
298408
809682
93281
983661
137184
748191
385279
809682
416448
646656
339123
624455
173897
420902
91126
856727
760135
45361
215654
669073
772105
592498
447779
618177
10112
746616
888404
358251
444144
626149
761704
616432
683527
880045
217343
16739
658469
732186
756793
259537
25729
921675
749828
434269
145200
875342
146701
555703
136521
261737
370735
490340
887678
212557
42330
315695
10918
249592
396432
193596
767060
228033
842765
572282
102341
77038
842765
115609
999216
753783
432524
578205
666384
58765
109851
266174
146065
343601
578609
588978
103426
507740
738513
793459
973138
595503
126657
254049
8689
308282
396417
485413
711627
578145
130066
353015
927051
542103
379987
238520
271417
130155
559782
435966
5129
622282
832955
526479
459416
338818
928306
477237
574202
618177
755904
597530
926592
513485
986727
423578
933233
474878
126398
887490
247342
653354
387189
444520
975264
988592
922736
832955
707280
792564
840718
16135
741467
595536
341434
324015
79381
744587
529823
266643
910153
976646
371294
262498
797958
954304
331635
471188
737605
296471
682167
859829
489826
117357
368755
495413
972219
814252
909172
615602
459189
799723
496143
246385
881173
355988
822159
417030
886715
149734
543215
662475
352268
734031
308522
415273
114588
448327
307874
415412
506772
452621
18013
8109
496412
733465
173379
660923
393088
970160
835421
152213
428340
739660
733394
217343
452621
400017
923593
488684
52642
89530
259130
987495
396914
703502
84920
580927
905788
145130
698227
403241
778844
951289
562522
704899
206827
128246
359400
199204
793704
929162
769917
513485
292835
214208
261391
986399
847502
748191
189924
530937
615602
919813
773814
606922
993375
450382
117128
285775
118723
691225
821448
340374
255117
758201
418064
570380
84700
852739
155401
741467
28815
418913
496892
635408
696884
955775
254049
651992
734332
995001
618800
773814
643959
530023
302535
848194
745657
87699
742272
927558
753985
548886
39153
542785
93281
760557
487512
555539
898768
579128
202425
422736
477686
371845
570656
672091
72893
554628
885743
295389
888404
828506
225146
814462
115119
939116
871901
636811
761949
74829
266665
845222
707562
674381
681448
958400
938198
912960
182694
850182
185419
773672
322757
406814
28355
614123
704899
62848
669538
57100
97899
598625
316434
123259
664501
395009
85981
866744
59078
323771
354876
170296
633632
25100
643463
133176
320789
742119
738473
814450
407298
347674
313099
293869
52925
247016
493899
148320
674663
4397
456514
686463
795176
702223
748256
116041
888940
758234
228240
967047
697503
627117
661326
961580
599788
251085
827826
964550
250113
53284
371163
274161
562395
118766
152213
456514
193556
118330
147554
363085
121473
322444
140323
541865
537398
435383
462281
67016
602655
756906
769508
50231
480079
971035
595536
309835
955011
264635
788718
504804
66590
881508
317966
188008
340779
814001
821329
776168
277368
643959
872594
422918
858980
707320
65913
337020
662425
862174
538111
876551
736515
10918
498183
952068
635754
246604
818256
983097
998549
60382
950787
368195
185419
796312
963646
575081
629136
835349
264959
699737
138988
610852
596636
635754
43203
237853
459416
408281
80442
528861
571221
345109
115554
817451
339123
390996
266790
491866
784435
102200
187324
592509
450382
958400
667745
487633
571615
247861
419303
58117
751080
670966
367332
560774
993912
946448
898504
66590
571898
310276
724836
887678
157757
86461
227072
594456
471917
310971
363682
300198
219747
966675
727068
130155
25495
151107
539877
139771
322045
77723
497967
231915
162444
664964
269073
233771
480290
813114
304634
868231
106916
685625
635741
582226
991079
708630
252358
549357
387755
778772
999614
468916
450362
102295
562277
512481
148487
999614
614263
693478
819070
687367
592979
62852
346553
20842
814462
301831
212202
400900
376099
92037
844925
208296
655267
983097
652802
691097
278782
464456
101770
106904
361445
30850
764908
950716
758241
726693
244578
666377
279777
358846
535124
312855
459295
300290
497103
921852
504518
19852
501251
535423
554562
619453
385279
81785
588981
60617
530937
942703
860649
677746
462362
653354
875772
361111
790756
751080
140568
581311
419303
972219
351027
451622
776890
314301
655188
252987
20353
699023
324710
623062
661429
928306
790756
845686
741767
316203
595609
126440
877242
890813
373041
37782
739949
601146
521385
112693
646455
462362
20842
690787
711523
382536
209241
624271
76192
347062
911477
279483
709349
37782
670287
704899
234983
472633
276733
810348
446814
180426
635283
420277
448005
559908
495792
881328
206865
309882
237853
971897
798610
169054
420601
691607
270611
635754
186261
421941
602119
605012
576500
335818
292573
950254
651231
208296
708706
420601
189580
495092
165585
958978
289940
506686
217356
744255
314724
556171
191712
865742
943893
489821
65684
627771
133535
319490
536456
892886
78294
769508
201693
421497
486140
170991
82672
318383
689515
851600
348370
463624
61300
743171
549357
802979
837286
152213
388266
58117
559357
697673
549559
397240
798549
784795
889538
217654
280776
103586
691570
558314
812337
919823
227377
35151
740126
603629
756407
179589
773069
12464
510774
504965
969903
678537
571792
371434
760185
236411
54953
850182
20747
662425
512820
317301
590967
327916
510111
321798
786185
637967
780304
206737
122002
452906
82860
252358
996728
905947
652430
812748
435323
800766
594456
689505
54953
954373
142840
364596
658134
294382
520024
798662
595609
45339
928981
335799
984970
496357
857651
574202
524242
306467
145708
910899
248469
242347
54539
93291
359795
760526
346553
793459
599754
612456
981653
155523
24596
441367
12464
380082
655267
548546
568984
985956
802067
258647
16135
849796
244578
602353
514842
150826
737592
711989
123504
660923
598560
784325
488792
436657
606243
886775
613337
50407
618800
24786
226308
367576
73023
480984
728614
768044
997817
740118
686941
148693
5360
992065
211720
252987
711523
606922
647429
174573
612699
408975
715371
867695
29415
5314
711267
268983
543215
645073
732639
610852
583481
581745
312693
757346
461070
673873
406814
218
194559
880509
574288
614378
918337
850382
446814
532120
52370
974280
530023
795790
454209
909276
557612
923866
71439
233983
664264
756067
488792
480079
598287
610092
574797
155856
732828
90335
356324
578882
236411
520569
526289
369133
739894
665756
217356
886529
297380
885793
25079
891977
977629
426155
961580
210409
570088
454144
774925
52436
302172
79381
580663
636811
838125
614263
697321
975475
881992
674771
975475
636811
923316
248356
418281
423565
388692
786892
746303
40494
539705
17412
200811
94303
628589
936197
642264
590495
999216
954149
873008
309300
160909
491999
171081
872151
345682
145708
877219
461280
153636
984418
161854
739863
541863
321750
499686
173379
381030
812244
822159
412364
508635
752772
144210
185699
898169
997243
227619
604342
889879
507647
235710
367787
59691
683527
551924
209349
105183
287129
878666
10148
583481
438773
117934
599882
155523
343743
188008
833793
515396
180654
345436
832772
535423
62685
942809
547360
124922
323171
995792
961110
43172
919116
407298
319325
554628
308282
250616
424318
619583
307126
89622
505602
10148
67469
502040
622804
916916
39821
65485
176722
43203
156623
338369
364765
68873
531213
519241
55949
531527
729406
974101
210993
1203
948575
239605
574589
898768
562140
9516
559936
565881
170227
744622
966675
386542
112388
491689
876041
59858
297380
482327
328079
664964
330716
517527
187209
462281
416448
208296
125444
353015
655255
205050
378013
380143
87974
920366
6990
948806
270334
509590
472705
589142
143982
189614
626045
203792
792590
522692
266581
86461
261585
59805
833642
961580
961228
946414
4397
907174
54481
463263
125444
983322
835004
957598
446814
901993
528861
145487
863404
945741
76282
229951
740126
192211
137508
778772
145487
726701
16400
771587
721722
875007
253606
210169
749240
893677
246883
958862
822490
670680
194554
874208
761290
877411
592979
649721
613395
70399
567904
572450
910555
11517
554431
558971
212557
561233
663096
246853
42879
137184
545194
955471
179166
453364
464614
474878
589871
919116
624660
985658
5360
473555
390099
344034
635408
880045
486140
326750
318160
226308
526509
745554
326824
892886
486715
268360
820187
807939
922923
736654
245770
936197
835004
259272
643239
708706
307126
966572
218
684514
20243
9249
614378
868101
879507
771335
495092
652219
171081
196671
487245
625355
156470
720289
302172
363085
257056
115119
430237
569433
955400
876771
709597
87945
832302
616659
911938
821329
294609
548433
723693
222013
180166
729406
739617
217442
220314
559782
838992
486585
527324
211720
828847
812026
613496
310230
668660
561011
117086
574288
752772
558402
801075
994662
224893
635297
235944
211785
434273
199363
914950
909172
102167
492185
403421
875342
929890
435863
866930
678581
294991
628187
719125
519349
14312
816668
692168
486715
851667
285775
301946
656455
169099
309453
970005
619583
986727
309406
545194
798610
159006
124100
177561
995284
799569
211076
82860
208497
362906
996582
310276
189167
25100
937154
47627
577466
241545
412389
474389
711574
571666
579449
36110
847502
490967
539435
882407
237651
986640
813196
136537
573597
228033
747534
314301
440801
454209
459868
328324
419466
479853
80135
622413
464907
162990
448057
813657
828595
292835
567904
961580
943835
879562
643231
423469
39409
772283
413304
384284
43203
479103
805231
94854
693478
914950
129848
114968
64029
150016
169890
85369
251975
443463
380213
758241
794314
795496
96666
182861
950971
51062
145130
867922
204472
272438
762692
532359
354107
706604
292879
452621
130721
261585
390996
931019
693010
379983
937975
960556
214029
553007
635297
994650
308522
461621
75900
426155
544156
472705
779036
480571
717249
979325
255261
419752
627696
839824
958854
601313
256849
52774
97899
50991
327916
953136
72893
446889
224893
497466
988592
325813
246604
516420
878999
557284
140283
409516
798319
835421
805745
246604
428340
319594
67469
196485
767259
96867
110201
697628
951258
199405
711650
250076
39821
132814
696490
966881
841309
14816
535956
703784
761496
894798
608038
320789
236655
970005
926874
464456
928139
642023
988620
999216
531810
20842
469391
246560
540258
553955
595536
24966
591866
957695
171703
570907
292735
561011
821943
180426
575081
57052
236411
462362
403605
870729
131023
201542
874797
774864
61301
843208
603387
126657
569147
102068
339421
86760
274618
445067
438605
304944
951470
136521
898504
321204
413304
872806
837286
588114
477525
950254
800362
544960
457840
190695
507210
899460
205050
871884
168336
283905
861799
763565
906
11019
352268
919880
324178
74322
643463
97375
278782
565991
371163
185699
367583
449348
451801
471119
559323
228222
223894
348859
512820
967304
462870
820290
592979
551863
451608
677636
395578
512333
848432
52486
196223
982652
371452
309764
571100
792854
159900
438773
740118
791720
345436
935908
955775
773672
503933
798610
447579
367583
626714
157946
28355
183574
784004
562970
47084
36637
391878
613129
850382
749895
899461
846838
102764
39409
199056
675445
301946
302157
480194
105510
303346
459295
344839
786222
812297
449348
306359
494545
739027
612886
850382
276163
524099
772485
656749
559908
899820
683012
4397
800766
137385
130434
503114
246951
192050
935399
59078
529561
722867
910555
464456
560161
929890
941156
845589
695924
678144
182202
764
542341
682850
890126
154101
389927
872960
647079
783227
371294
557624
32869
477737
786185
889739
640795
612258
651506
975344
556200
549598
522761
524256
203392
486585
3000
139191
665515
383364
701795
780167
656455
565587
516411
942123
559366
824881
657570
550233
557801
569846
602672
77669
926638
961110
703127
916267
144314
5195
751943
951289
155209
388030
9249
378550
198165
101283
670322
766657
7670
495937
636301
958151
695295
781607
843410
301030
665376
571792
245663
248019
464456
353015
40078
102068
135816
899162
809840
89310
59858
954447
293332
751943
449710
387189
784435
446889
374243
958814
946448
270222
821929
207357
65684
735752
767350
341399
244888
122901
164934
887490
986640
795794
312976
505239
637819
578145
614123
43537
466568
688879
686912
66861
1953
407105
581881
783058
764984
730497
536085
233712
589377
878004
459220
211503
119322
831554
937975
595118
622082
526559
557801
25079
752452
594161
15720
587309
212202
746303
910153
784328
560758
504518
484520
173683
579109
444456
783058
660901
450294
401223
308786
422918
247861
628187
749860
334913
718865
734273
205891
961110
450382
7670
756259
696126
46770
622682
120776
440
490832
127227
922736
257875
867359
492918
187690
288496
178278
767797
90630
239722
870213
441775
960926
859829
776658
152484
125568
32261
711650
708630
555539
640589
900246
123596
363014
822159
727068
318403
512247
423565
492952
874208
870153
398613
167798
759330
737045
367075
789615
973061
266922
886490
147308
92386
919823
740498
10148
40373
898768
661166
967079
834756
633902
296245
194538
960682
284676
424284
922736
120363
949091
289064
770128
988579
626226
99812
329897
621307
81029
270332
759638
573597
959353
287437
422493
706824
484121
556111
692734
804368
432930
598236
399852
141566
112937
811984
89622
217654
196671
59328
980611
605509
964686
984418
687114
317878
61439
579128
709352
776658
137474
106777
92991
88491
568610
100064
218504
703414
318874
721925
349049
476745
299043
767259
424284
261725
38014
252358
353788
66278
536715
719138
592814
34434
243003
825757
485413
756407
914532
313099
992381
746303
436204
967927
461621
152431
480079
372304
83216
274871
21723
330102
345682
97008
745190
661002
214400
571666
12389
778793
619675
356324
462291
31878
789226
715912
415305
762692
490832
988582
857502
772105
13977
344390
948174
902500
704526
859184
651996
760903
96563
369903
134747
257724
760135
94431
726291
667952
669538
689598
213407
216700
358736
684571
264761
365516
849015
157757
928330
235611
403812
630230
847220
843587
625778
30451
98081
957521
474389
535867
635297
913194
725373
27421
171931
424124
684571
674771
404457
575081
963570
579471
937154
498923
968822
281706
126737
368755
314562
365728
194538
881173
919766
896184
243598
178278
524971
122061
126986
257724
34886
422493
421476
881007
92163
203854
160452
756287
439335
215654
910153
602579
155856
194554
627696
194766
180426
554562
76192
874925
41631
948099
32261
917814
291854
563161
632384
239458
706604
541865
479785
415273
404831
946448
403978
365320
630462
600663
310230
737605
898768
670872
264352
519200
400583
514517
625778
184184
5218
722304
153412
456514
619675
273939
93281
607205
782718
849071
795112
535859
267034
789477
983437
613395
581950
670322
306359
268124
360344
814462
174556
25729
643210
384387
966881
119335
952068
287437
363805
427246
468020
918097
408488
133158
680661
364393
333536
241588
928303
118766
284734
144031
290597
467309
317433
575690
845122
441718
734153
676618
102240
71385
361111
986057
242595
833642
732965
96563
76904
860171
357402
782438
598102
843484
184441
623582
902232
491224
315270
241171
476923
604681
966881
96563
738941
37693
301078
447779
592509
845589
87699
55949
841639
368111
126745
709412
779036
2713
6072
246951
510598
661950
663096
798319
990963
558543
846954
803849
505458
438728
861799
848703
666044
854489
226799
740126
752509
958814
654959
607087
949297
552788
826364
677636
326736
318185
628187
480019
22846
837901
801075
386789
474845
886490
93281
897787
919116
676230
423301
259272
780782
757908
701584
618641
314301
296245
649324
946462
477139
32369
258085
322882
315393
174059
672515
146633
118211
164365
986640
424486
333005
536085
203854
811984
697628
29415
218504
227424
810953
25729
513278
612699
420679
130721
733813
580663
194381
611544
158631
580247
376927
840207
187679
715721
144314
461711
651992
148693
928836
984605
474815
680351
909195
61300
594013
288268
878184
368025
388374
603387
917814
705128
1543
29494
553859
171703
214029
787409
349842
714096
535346
111699
981971
403812
632840
570907
333931
476768
140390
268360
622800
372398
317433
889807
699737
306859
660923
592498
669538
267996
514940
834120
837870
438605
59022
310601
540728
688099
848344
993476
512785
19930
24492
202242
731987
477139
442512
464638
726701
801596
989569
551924
725488
591357
379987
281429
211728
734273
975475
98332
482136
948875
602799
611150
739259
272134
763350
347401
809420
697286
71496
737477
473596
628589
780703
131576
535423
697321
155939
530259
384313
519487
975852
731628
227115
52083
220261
159283
709488
102050
932461
710971
94449
292670
214066
741562
636301
806124
514655
847900
583146
122901
473531
477696
989503
354509
767403
501074
20570
431343
753985
740836
955471
508635
47660
701584
333931
480194
743528
786590
163693
592498
792590
937667
752900
376781
684975
55949
157965
676928
206928
516599
698227
389382
4342
362203
296206
155632
511310
571243
598776
908413
820346
514572
164852
197637
565916
560190
824881
268765
220324
340386
84769
881173
280414
640979
446889
560758
900001
664811
734273
788377
913051
628262
447579
359860
521680
354197
779815
699432
73023
310424
203482
652456
751080
460368
765398
290573
682167
575743
856711
591994
211310
617067
225911
400354
201132
848251
479505
410104
869136
635697
769508
38091
716496
764984
493307
744209
396848
501238
394447
82649
570907
787409
461452
866695
547386
734693
634480
752452
254128
454144
352268
975344
37523
271765
448836
937491
235298
99276
872960
593730
783227
265697
611544
717557
801533
648752
662861
396432
85369
396414
767285
205122
155303
32438
274871
425196
597514
469045
709107
558543
317365
358073
814717
843587
362203
117934
622413
197596
61562
6979
655621
867670
784703
173659
337020
683909
433359
564403
314831
535867
481078
278660
322243
635283
414861
682502
618641
225911
828861
372301
661727
827747
548786
259007
117357
390020
293111
10112
781918
403241
956304
98819
882618
122518
605509
59907
291468
900528
384284
855342
227115
959771
687114
710066
900707
910376
430532
981195
423938
764
780703
522190
61301
380594
39756
341399
805231
218
38683
979371
531072
591866
59993
314641
294926
106766
71906
843802
683348
627117
379817
137385
872594
818926
413324
919087
660901
347517
505313
735326
799963
584411
420158
42852
315880
15777
854814
656523
993375
557612
788525
583302
690989
942657
566931
179589
555710
613635
339139
927051
637967
154101
477087
488792
512899
150129
629136
691097
820356
22457
586041
845785
899820
273939
985658
668704
843208
376254
611544
494279
35360
927897
451404
585150
296412
168412
85542
280562
524569
112428
836919
424486
435394
143982
996231
759330
844713
152936
453790
154583
673244
11019
338340
867478
615866
172954
780814
352817
518672
326930
666646
171252
32369
162444
18960
491053
956304
896996
997742
306359
334133
458247
352692
570907
719252
691395
246418
742874
58764
967905
875147
975352
434182
409516
267991
597200
963646
162444
194024
587309
245260
739660
568984
575028
495937
9937
361111
603387
237602
494402
781607
237418
537246
298408
784334
835349
834232
254015
788740
32333
959367
877584
659246
419338
839498
252054
551576
238110
72377
422431
748001
133158
605195
983714
71496
432191
918097
586454
705579
967358
722385
787214
948875
96666
267991
179835
694477
46711
18960
755095
264697
137184
388082
930597
422209
197596
896319
623328
106580
708257
921852
851522
733398
486695
9678
740498
133176
179714
724874
990665
310848
700539
65083
209061
861798
372304
135643
315880
585548
6990
407105
100353
516831
595503
313913
774798
628262
239458
260429
63423
584321
485454
825627
744255
311959
621882
27421
909195
967869
626149
181388
440197
887870
232330
887490
654883
677636
901781
119322
722385
575202
538111
129034
75648
576629
508635
303391
556070
217408
652918
572282
13493
911645
579363
563999
95522
564427
687930
971791
989659
510168
305650
314301
382942
622282
113639
828785
54768
459541
94431
650972
716388
122518
746397
506534
193272
483561
593730
652802
640795
45731
857502
802411
274356
735752
639607
30850
25079
44033
815477
570656
387755
502993
315695
40136
803367
503642
802359
285355
35257
690327
794183
622682
548079
610954
907041
497006
709155
425648
517127
633030
419338
270690
400017
929890
491182
646455
98965
530239
924056
677336
734100
779961
739259
349049
162887
806083
554342
2184
160935
59805
640979
588074
319310
490896
709107
391212
952012
778617
975344
320789
652041
919682
567904
236327
431343
371434
27206
938337
495413
296480
334881
554726
723693
452906
256669
250076
680661
345436
476922
77101
626512
172940
863275
990661
930784
802979
848344
605650
642418
890813
586312
18823
92714
503200
89530
782718
575028
570816
924628
710119
866930
902092
458899
792830
565271
296329
766928
4271
821372
119221
452923
747483
523980
520024
226308
822159
33548
372809
49392
880220
782599
519447
651450
461280
771402
678052
671677
712553
386789
179718
100226
176823
322045
364952
654188
229951
969903
162942
147222
889607
657310
784325
319310
7562
630083
629884
734100
976646
681638
246385
20570
586578
755017
704961
298408
681275
38499
474845
985956
109181
497103
791973
11228
179366
845222
758201
94122
820290
184441
668660
589377
287946
81662
363014
573597
237628
732186
220261
509561
160656
542829
368755
260741
32877
716830
542785
157757
376240
450365
555795
66286
76282
400712
250563
948815
549559
894269
372032
277748
451768
147222
574934
931792
103426
399661
388479
236601
232573
316203
396848
575690
89764
795532
33478
622159
225023
296219
542204
953563
496412
491538
951289
458247
648752
770989
928139
377058
462362
266178
782447
403728
799446
607087
179166
270222
979637
466155
224626
981971
205433
423469
397240
487633
38052
11019
279967
450362
703926
807087
50648
116414
239605
820422
661110
393649
7880
861532
173050
734332
164640
989917
837215
678144
627510
195786
889739
152536
29234
640589
895025
46770
341909
391431
787518
870068
55039
333005
361488
512586
5314
646536
156623
887678
968497
854943
810681
587048
802375
638978
376327
597514
732796
270334
432524
221648
148910
389471
341650
56409
835762
328421
477778
387983
484121
267111
121473
12779
728816
545801
283146
926592
861799
74869
885793
872451
185114
992381
276425
134721
439311
901291
286350
222747
650037
359799
444144
752495
369792
60382
62287
678807
20332
194831
20636
763565
19022
809606
730497
995141
724874
74580
652364
587048
984970
587476
449348
749392
662850
87437
711650
78477
256669
927363
248033
681202
698868
387983
271069
366333
191149
974101
338678
629275
698125
170227
766647
498622
24946
368025
9929
788718
39044
96695
231977
154888
520030
75566
829456
770821
986399
450382
871252
646455
909863
306480
479785
2923
547360
178278
133087
78049
381661
892699
11136
35846
106916
76282
911684
86116
14561
826263
490069
696126
435871
762637
881007
655703
856727
919766
793459
568258
727145
270222
252600
192153
825892
277999
232573
987335
764
72893
477139
713052
43537
883731
391264
793459
26979
713529
546097
227071
303018
746661
102068
948174
917230
581027
913051
512481
663441
923778
708051
553588
256857
177425
441775
842765
524894
500738
557122
988014
308522
988444
119070
424378
405960
476923
957331
444462
387047
835349
254283
685323
769662
727068
665821
899461
221780
946496
768329
880189
173050
712379
120363
4342
580247
749828
274747
386050
603121
417689
42852
204492
62238
750384
151630
569846
383289
692382
689515
247247
837566
646465
34653
558373
219747
810545
732660
486120
995615
895025
917396
8272
406277
448188
718529
290361
646536
653853
244578
225146
41451
253285
236411
476745
59248
643326
851659
312855
997953
511412
159995
454504
747697
50505
566441
184693
258109
778462
724601
688176
599343
806205
515986
11088
532120
346613
750003
334237
608678
607045
132021
824750
187497
110471
82522
280776
899768
294243
709667
755904
619687
656455
755149
32438
306040
494884
420801
872986
127458
387959
716074
201423
809084
837566
371452
900363
592509
832302
371275
411303
794251
548687
679939
550498
697503
494000
589686
846473
882228
853593
333751
413348
216418
39713
152619
646465
521120
766737
102380
836846
285775
981078
386050
657972
104855
510774
923778
346553
161854
775591
733907
492892
76904
693330
991790
980928
983583
954370
317365
374594
900703
246287
604122
894108
102295
755441
378241
639870
382942
816056
721011
974549
606617
782718
522164
54002
565881
355988
31137
299773
390749
559133
701984
355024
700127
579483
671677
166174
807188
529008
937517
117086
542785
228615
419338
465522
984605
306480
861798
784004
610897
66607
211124
747697
38052
148487
677329
355817
950254
542785
585548
108908
768329
480984
592429
574332
288883
698449
144254
487245
544960
378201
126737
392016
964550
438773
534356
666965
466113
429740
369133
942438
112408
531072
328079
764070
751943
635880
491233
471812
299751
605195
197415
189924
244752
53419
665456
322378
40316
824953
170071
974101
938356
961114
380290
331718
825892
133115
654959
306859
805248
964178
346071
449333
419177
669580
546486
340757
501968
420116
210409
679317
555573
877411
581311
901560
90630
400712
633972
598102
916393
284272
618727
69325
964550
454533
584603
609471
948106
919703
392945
386831
274820
697503
539883
160452
331231
338176
958595
380087
826344
141063
275651
202805
820883
902092
988138
205891
677925
276163
766624
741562
159900
482167
475239
338
691715
352904
299779
32261
656715
174059
962864
835004
16739
96977
29207
149734
19309
972358
804953
726863
689666
335799
954370
284734
92786
895496
242521
49392
27317
314301
66609
772300
474389
994662
156174
899617
366333
819118
894835
738941
167192
845686
315695
857502
854814
605012
750733
715493
818203
144819
3000
5374
759157
288775
669887
329424
969263
75227
633902
163959
553007
121377
528578
665821
29441
203273
164852
698921
777883
253993
760557
573597
241245
568258
485413
175621
481737
950437
54768
473477
194559
157927
783058
118053
385871
312855
652141
780808
924628
591662
461681
496
28414
42046
609856
961250
461070
190221
897724
998507
328311
777333
423938
745557
744671
319290
86296
558373
175373
778253
651899
25100
259041
835349
937148
508583
170071
423938
822996
569579
560174
511073
646536
764070
945430
40316
503200
622216
604368
473477
191385
737045
875408
691419
618641
739176
853593
750003
979325
602284
661369
710119
447779
644687
835165
270611
519124
277748
562277
544647
454533
335842
639424
365232
728257
905697
910153
102829
680679
211597
179718
652041
693478
146739
553859
303908
794314
28949
984605
548951
126657
211785
835762
203392
77570
146633
95806
838584
973552
61585
155296
237418
662940
701645
108908
395444
730634
748356
476922
460368
513043
662940
460162
986057
513043
738047
371845
923779
355948
376781
689515
997742
7562
850182
851887
243160
803128
785705
994538
342724
432740
927088
536715
986650
428334
419346
27838
168173
836846
941643
793115
159283
989569
339139
936328
129381
312551
825162
263201
453891
985658
897454
121303
623933
872421
859743
785705
637819
54953
238520
406964
910333
103008
770989
923884
280333
491233
494884
752373
817970
676429
436658
370335
123398
473229
60418
626821
476110
748001
162942
259007
963077
493307
40035
50216
61301
533925
88721
192769
320347
563999
209102
792078
395666
972247
913169
778844
675588
587309
2590
54309
647079
233983
300708
312976
420481
411840
732745
755904
169890
725373
964550
835343
558673
425609
172988
523980
547897
776502
896952
834232
719034
963968
6617
165395
84920
414429
632923
376288
218808
794183
356426
508630
574934
621858
477095
132579
673541
728720
97099
821448
94183
583560
36911
192050
884197
870729
11019
174369
566970
669912
423578
507105
884197
376099
555335
419237
899041
570380
281169
82649
541863
414310
334237
689524
54309
609061
784703
708934
266263
650182
633030
622643
292285
823908
588978
627017
965556
367972
496764
960682
962152
949699
307100
488748
131325
420315
94449
61585
868714
834163
919116
94303
59858
557613
850182
745557
218
188519
911684
853291
284699
622446
560381
643561
296721
338739
738162
463857
271817
635498
419239
734100
12196
627569
250616
105295
474845
464284
86760
661468
578205
132021
13606
317301
691570
529537
696618
296808
662600
388374
968619
898960
15731
449759
390694
697286
18756
830590
896796
745190
177780
625963
443221
237853
913001
827360
76192
220314
93334
724874
36637
809433
474878
879423
739027
73410
458024
996859
16400
559366
139188
372427
904179
441367
837870
902369
968783
44154
126403
178050
188631
463263
716815
684975
752373
935270
301030
520655
266916
387189
990665
84700
208975
259118
223894
391621
163693
469045
27206
801075
542063
39949
802375
389524
652835
356612
45817
989786
808907
807188
721732
548687
686463
551863
276425
394380
774980
162366
698125
403157
12380
188081
465141
744622
353504
234736
573610
19930
199569
118053
82649
932225
479103
480079
625933
955775
772471
2961
24176
43804
428258
367787
439311
519737
393088
293979
928139
943262
426303
863930
927079
898960
516599
568880
695112
547897
424648
324178
7670
13822
577034
171703
704724
610092
872193
452498
624386
751303
486387
881508
309882
392805
70325
317018
94303
693678
661429
155209
697621
426415
387959
948174
779019
187149
133087
3971
236655
801075
391629
927411
643150
828785
826068
396599
155632
217408
533065
931134
435323
860381
291589
251220
735678
103328
825627
243279
377444
515251
665821
960556
873653
380330
742874
940426
18756
782842
837870
909949
806503
904058
684946
518248
596010
524242
349339
201048
343728
241245
661647
309453
52642
821507
689980
93392
815477
699344
911488
484520
402415
807939
745190
397775
982148
422220
598226
622159
795496
779961
252029
220238
837679
921145
714096
875014
291013
850665
627569
36083
52684
251758
722381
541863
957599
845785
989917
348608
187149
477096
201199
893677
709412
395642
44154
682941
722698
783772
38938
841309
333863
18738
466891
880030
840718
92163
545009
12592
849015
9654
557154
539780
272878
686463
106397
3651
604846
327916
886542
31062
737730
816056
479853
963968
31983
98484
582386
266551
704724
295389
472552
730368
942703
805582
294243
921069
61028
894269
604311
471188
604681
581980
56821
336911
974570
352893
974337
261737
333536
778772
879712
598874
548881
649721
398613
743171
474399
750003
166811
642177
767403
603965
317786
198415
927088
38014
418281
835518
795532
860171
770378
627734
321204
35002
680596
374445
247342
225146
582271
890126
480079
549844
755017
244528
677484
579483
862845
80804
167004
810027
753783
28117
511666
80273
757661
849796
170142
934128
132678
162035
867670
815255
920691
811416
675445
377543
666944
191149
141566
966716
780167
953563
209069
71385
412364
926119
394380
154583
6767
560763
270743
568984
100064
510725
100247
782154
243057
358073
622159
964550
967855
571602
341629
649675
526289
35929
245285
824785
11039
764515
448836
108049
171967
454161
604368
289004
541844
135865
832508
837870
249875
330735
173659
189167
845686
665821
414130
605820
358137
126398
961030
679939
453899
639724
799707
854814
970670
357390
134364
631411
652430
948174
48914
958854
876683
165608
43092
253089
149304
879035
795112
488792
476923
881992
668638
619529
121310
643326
480020
391653
719587
69737
309453
753985
937154
119061
273939
332944
896356
544960
805582
420116
858125
698763
699979
682660
34886
589142
723179
243267
385501
82600
600031
250076
135816
250113
758241
44435
799569
148949
602452
301044
662783
507963
676848
433376
930250
149550
192457
401251
126986
538111
115740
906
611754
487917
301044
396229
796382
681275
3971
284676
977740
219731
370350
749895
750003
506686
526150
904315
931814
118766
214128
423578
431800
98008
201199
357402
367972
612609
605650
261353
487755
449033
602387
875587
98819
546947
243267
755017
189341
609061
572213
659652
270644
927363
688306
534136
685625
61439
380319
78430
69737
359799
485834
411303
411324
624455
817730
86296
92991
298159
253606
985658
80779
753225
30915
468020
9678
854943
665776
276431
986727
941572
71906
176606
641900
160656
709155
28887
550233
801439
685158
218
166705
12592
360850
12068
246150
371662
233712
483175
877411
856727
194554
308368
937897
703414
523723
308522
43203
725308
130895
577466
851067
388266
570907
398205
653330
749178
879035
812051
180188
308183
333005
555710
79684
216492
769727
791585
237205
39821
517506
364952
766638
127386
841944
490203
821507
3722
973307
4342
780703
103586
551837
851169
587879
678144
639658
223894
887060
586652
768274
877401
943046
140323
802359
843273
491233
907249
531094
777883
723269
169649
749381
662861
40530
547190
919823
637577
661429
776658
438503
320604
746986
28117
97375
708630
292735
248019
461971
286103
509942
82672
572093
294243
991084
384561
388087
623333
594104
867984
294215
57165
953064
928818
918016
300290
519487
4333
164484
136603
185968
217112
581745
310448
906
967639
644621
829404
669198
452732
627117
111766
654146
82600
671138
352817
687009
928150
268790
661110
212857
952501
877767
508284
75399
466891
527314
1528
996274
419912
372304
494426
973061
398158
823425
22457
245285
705128
531304
30451
882715
992667
160935
448065
11358
84114
870576
367908
193556
614298
219731
360670
452602
792695
78743
250631
299770
527324
804241
983686
696244
967990
380213
948247
532343
378866
690872
109468
662600
71529
408975
406636
659303
760394
984348
701112
322444
778534
190863
581471
193596
264515
164402
931721
861955
359976
875014
783668
51177
71496
758373
172609
8398
5457
254128
790766
295624
671969
129305
926874
867335
568258
924401
766647
126147
532233
293131
503200
459868
35151
766616
917396
69224
690501
454993
297932
997383
452923
113134
12196
20353
469045
245260
723479
61868
510832
950726
479310
886542
449931
610852
611964
640857
592106
833642
380441
431328
81253
357506
335289
521521
559898
492374
438543
70515
957695
722328
850382
281706
879338
765868
691015
275155
792830
502243
415273
256669
607929
536667
879507
215654
72893
652364
535937
672616
335799
294159
619529
791566
5817
972628
598287
776940
655449
570088
678199
303018
711277
893021
735964
668963
709597
401163
377629
771587
2713
450365
492178
390513
130783
576209
727246
370735
808044
82649
203482
782908
401030
884701
662600
261391
7670
211503
592613
908413
952501
48825
117128
901554
801937
692734
337857
208359
100353
5129
20570
155297
94690
607087
914950
742061
632843
2184
579401
341909
360670
202805
536092
425078
548663
993310
411324
622077
870760
47660
126403
850369
