1
350876
1
350876
539360
539360
620686
539360
620686
563411
422791
563411
350876
1
390553
563411
539360
422791
109035
541063
491567
491567
448447
491567
536381
61885
109035
61885
1
307535
620686
691018
941858
563411
563411
541063
909447
577861
758598
964240
700899
489077
758598
525492
593277
350876
700899
598344
61885
815166
386134
518361
529309
417392
350876
240814
386134
61885
448447
518361
202897
870657
518361
899041
779259
940089
541063
909447
99775
620686
494396
665775
417392
620686
61885
20877
947479
598344
691018
489077
491567
417392
20877
758598
461461
680582
494396
700899
240814
665775
417392
823561
489077
518361
563411
947479
159527
150377
448447
900399
29620
448447
422791
999644
99775
607159
942889
789944
947479
494396
823561
942889
841220
848932
593277
700899
689713
202897
841220
671470
845936
202897
202897
417392
359863
680582
941858
128822
700899
159527
77770
779259
386134
909447
903769
949580
438914
146241
422791
99775
206440
437109
815166
494396
620686
860143
758598
689713
206440
1
77770
381767
92967
417392
110173
949580
999644
541063
680582
942889
146241
256410
350876
626563
230719
417392
697218
422791
20877
727306
390553
999644
438914
610735
810055
943469
512263
727306
765048
256410
127918
797175
726351
593277
92967
899041
541063
620686
92967
359863
913099
350227
206440
932322
202892
225534
421618
833865
811142
761094
610865
350227
607159
563411
680582
644968
622092
697218
937137
331318
30362
448447
700899
577861
390553
20877
423571
220884
371375
594263
700899
190318
974023
579609
367680
62215
932322
441975
483241
215988
815166
202892
551113
380508
359863
128822
40982
424804
314388
202897
836188
220884
588403
61885
494396
232671
483241
789944
109035
750793
206440
85365
140763
710927
635745
30362
758598
714557
949580
112691
763582
940609
957212
215988
486738
305882
815166
331297
896854
727306
673039
529773
483241
634511
536381
899041
932322
889382
118465
486738
350876
205003
678665
841220
115670
673664
30343
594263
29620
680582
610436
518906
307535
99042
913778
601584
779259
727306
209340
424804
588403
761094
43274
512263
697218
785420
209340
848932
932322
199257
556064
213126
635745
971895
292409
297436
746543
875931
763582
710927
909447
511844
680582
758598
126055
61885
412798
220884
400496
909447
381767
190318
610610
265496
249680
889382
146241
33433
126055
202892
360031
331318
188545
689035
909447
494396
225534
934050
601584
171562
765048
43274
26261
940609
759773
496252
424804
673039
839828
494396
430654
55831
388870
932728
126055
169990
836683
525492
558916
168074
525492
435865
890136
368522
525492
202897
529773
797396
118465
376561
525492
522520
586176
341968
718053
839828
539360
385680
265496
632344
227287
610735
483241
892457
308162
941858
788571
345550
230471
529309
209340
99042
390273
152194
466370
30362
33433
53107
620686
601584
635278
247317
330852
443474
793220
635745
367680
947479
612341
331297
610735
448447
750793
53107
202892
584279
780248
664065
653730
750793
710927
860297
536381
941858
448447
734611
653123
90358
68791
596565
356396
780248
227287
855556
56165
598942
925248
603742
680743
489077
90358
302507
11147
271966
689713
112440
326135
29620
174610
610735
689713
558557
858086
870657
814936
672942
382789
293514
90358
940089
815166
689713
77770
698892
673664
530123
251861
267145
320863
691018
586176
727306
811142
763582
860143
464308
529309
872090
620505
698892
330852
38624
340812
239421
631195
204747
33433
225534
307990
949491
247317
588064
190318
179868
99775
906223
740460
999644
860143
276905
110173
424030
267145
525699
968185
345351
851127
940609
864767
823946
205003
855556
699521
464308
618194
723639
1
492961
126055
847181
726351
896854
376561
520700
383019
893708
577861
187848
830165
100920
146241
714159
799959
121497
851127
26261
26481
381767
340812
159527
672942
286387
62215
441975
423571
251861
367680
681208
351392
810055
162545
189569
169990
287803
307535
132609
159527
860297
233692
115670
957212
927469
899041
411446
455802
265496
958630
579609
601584
673039
191446
913099
870657
541063
807135
913778
72895
167998
91064
55831
359863
788571
435958
37082
800995
109883
665775
631195
924528
118747
20877
971895
435958
359863
152194
118747
314388
990022
974023
693300
359863
443474
457280
341968
576409
817064
836683
558916
768308
962076
968185
139023
973761
236341
906223
903769
811142
427946
230719
773287
955960
905301
516707
635278
30362
628749
292409
934050
620686
611343
522520
847181
611343
121497
443798
74931
869388
158699
698892
911161
33773
653730
763582
207616
789660
773287
256236
598993
382789
810055
424804
487986
74087
162085
397295
82624
634511
444785
271984
429169
839416
94987
33433
815727
207616
26472
808511
968442
710927
110173
701751
533497
464616
927469
423571
448447
305882
216859
309731
25861
162545
110173
823946
30362
739161
756892
30362
810055
964193
612471
397295
916616
320863
673039
730644
855556
893708
20194
673039
168074
299573
350876
700899
455802
598942
376561
48870
516352
720249
33773
161857
420809
76056
6539
382789
412798
815727
198721
216859
314388
409613
51717
240814
172966
968185
536381
327408
773287
168074
292409
489406
674703
26261
899041
702868
51717
758598
626563
417392
513202
132288
893708
171562
107486
483241
496252
927469
586809
937829
833865
182308
128822
876211
800995
814936
522520
158699
388870
976528
710927
585599
205003
107486
630618
173294
74802
702868
102070
380686
928223
948370
588403
669070
94987
913099
486368
934050
466370
70104
613517
980451
119574
448447
400496
26472
817064
530123
239737
31175
620686
385680
299573
384678
530123
478779
327876
701973
29620
109179
973761
126055
302507
554536
349772
964825
233692
563411
286786
706589
813664
61962
773287
585599
722000
397306
146241
6539
839416
847181
241070
374781
876211
780248
279835
823946
406207
91133
313975
85365
477707
338354
239737
126055
401380
612471
735241
946019
299573
161857
55831
37082
443474
193651
778710
626563
18611
962008
225875
239737
785420
529633
109035
78238
430654
411446
868597
937829
169990
77770
785420
199327
411446
371207
397306
673664
516707
110273
193966
169990
239737
976528
700899
292197
839416
189569
441975
694910
860143
415363
187405
841220
313975
247317
72754
62138
483555
451072
471127
513202
912626
925564
940089
198721
913099
518906
669070
946329
62215
31175
921357
485995
478117
400719
409613
610610
663541
800995
599451
152770
588403
569238
293514
810464
197807
952913
90589
634511
199327
631195
529801
487438
99042
387901
497967
425433
525492
631559
980451
594451
900399
51717
152770
540962
453705
558557
359863
142896
245393
714557
390553
955960
947238
618194
14708
678665
932728
193651
810055
644968
533052
695961
111196
720249
307990
601609
417392
830165
779259
494396
628749
364386
78681
236341
37537
813664
252161
699521
119574
64485
830165
448330
403083
421618
37537
984949
271966
190318
722000
946594
54943
30362
74931
29603
830254
200170
753743
736071
110273
869388
115670
