360375
997922
716840
796180
718499
601182
941677
189635
694927
953082
23198
38927
700082
344926
602734
446150
472866
370285
415720
344490
255484
379368
485113
429137
637256
990816
296769
29979
221274
103925
675480
987764
929436
703818
651802
169854
38647
472503
972082
154859
926081
199105
119456
888053
472057
236995
169623
65791
400806
73391
171879
321273
506576
38335
981993
512152
69036
919515
580596
797844
111469
856579
531958
258945
990498
858812
35439
409446
251079
490963
375443
183302
267715
495040
365387
970585
241058
799365
484005
546279
497437
869911
67838
132949
70272
798687
113664
464460
302486
772411
867484
164059
397607
923995
642369
477665
468825
813885
790242
365921
896164
781540
391138
328256
568825
460820
76004
144253
524773
887786
523362
221989
19440
948721
997522
452889
257609
932251
885458
847232
88363
899829
529411
913310
580136
681365
89927
937333
537549
625092
942660
221626
102799
406220
767805
416381
906735
861783
605169
502049
749508
767881
672758
968713
509770
864529
264755
597635
613053
739123
884067
20405
487069
380429
162183
46912
460423
285606
371642
488860
362205
305646
357417
460840
354825
142841
414690
299731
642658
791822
84433
192514
556764
686220
437109
897890
219613
996788
181463
749340
584561
340121
264784
897132
548715
274210
46933
952813
161337
380659
337251
764396
562958
99896
868887
510722
888841
531955
226283
632513
150221
239549
308892
469774
123722
374773
764785
201163
139450
295035
594989
917508
733762
161240
792711
920844
102363
512980
463699
260508
319725
187993
397887
8369
754763
972519
694342
109540
183826
243767
33177
103937
555418
920483
124355
196184
479805
521713
25195
310001
958927
42507
991963
426693
158579
194021
997002
854527
425021
496449
123889
293006
668854
20442
990412
776718
525448
620494
505501
99991
200437
767661
864749
180625
693373
171022
978647
486299
901335
6515
564952
956902
218817
914737
599116
90000
289309
148610
141800
160241
695428
217429
740317
104560
358342
532460
560957
613243
549064
559760
613947
508474
135997
868278
871016
765798
507888
70223
8951
713956
327336
546363
660000
255548
702450
971260
864400
92360
241862
968281
475091
636678
94630
990747
966777
333215
477068
545756
540134
450795
518096
949936
525119
997647
492444
414451
927705
420051
749950
158140
266127
556766
680813
581349
380347
821032
698159
537238
229956
465668
475475
593901
603902
231528
762400
970112
173395
631826
500586
225592
91417
347843
994898
665032
231619
454530
250463
534574
397858
621601
813548
296239
714747
659659
275596
259901
502376
803412
164910
326077
821636
531907
527374
548177
368593
63958
467246
967610
994463
150592
512387
873763
360643
96138
773877
274854
39914
27424
900591
303548
144663
504759
807768
820474
168678
592889
369264
309447
17067
223303
704485
132752
967656
602590
349321
92172
709046
81693
455138
381304
88655
799659
64851
391354
898882
819376
983112
336937
319972
205252
876724
142428
99674
519573
869067
397405
141957
473631
87292
801367
229348
433299
164640
832091
551345
569034
886197
462883
674280
994967
371309
881958
173141
829811
58775
390847
484641
121675
857784
190059
704547
528232
628858
5087
311208
334706
601243
76845
678565
538734
660041
162947
485962
659409
341141
253094
134974
170594
904385
721317
965425
300560
952179
350277
77252
383951
222339
26823
17290
537489
838070
268331
788290
33739
422757
560605
54032
385660
542794
495490
801030
922545
441547
571685
233655
629676
307199
995628
458337
424116
949992
947613
202276
604624
744586
681268
748118
646842
746897
92953
696706
763729
960417
445485
320315
970584
752498
525991
303624
506673
94220
840042
249248
463643
269501
356232
356254
849952
390694
886778
406916
200055
727145
580571
981596
874695
246073
124876
879034
437844
278817
154369
242602
928262
260998
783682
483850
537326
754473
845709
56360
92668
60868
810370
726386
274024
974818
188191
120028
934237
856642
1345
522200
566053
499328
413644
74279
579445
148167
348782
821911
901190
26291
90837
389197
362145
924171
432597
869207
559675
954047
534609
630919
836274
34776
111208
654638
747440
345939
268326
201991
178854
585403
34859
194092
558107
513187
226134
551311
71120
175701
615671
361320
459796
445149
88387
102618
962578
229238
909053
562826
52927
226268
929661
622967
745662
61147
375770
88902
679157
795296
927484
617519
815792
261999
429594
902248
302015
624728
227364
20658
526540
340822
996560
476915
933286
784321
987020
83350
89859
585031
316130
6553
768420
784341
569760
208409
464003
99509
493786
758405
657433
370291
834052
123674
186408
906647
153651
411467
518358
639548
626209
113978
358724
685424
329794
642943
726899
218090
33298
77259
917801
572449
312911
179805
400902
314994
223598
320120
866273
883183
142883
649543
958917
817964
408037
805275
940190
244456
480085
106
369797
899863
819810
788388
537076
492523
563621
846837
905615
638032
896753
358352
983661
783428
566923
229688
924277
821736
809107
189041
22956
840098
753096
572363
378873
947651
559160
755019
152695
552423
551213
353683
21496
910695
324459
287856
147280
171343
219565
221053
160012
75369
106540
417409
411612
195765
52201
505720
212698
989423
975710
393767
590514
280738
236784
418256
18573
103533
904288
605941
142878
456876
501864
477125
29861
362926
175037
290007
842412
17331
600129
247105
242873
27934
523253
225433
805098
638255
634419
127211
647879
228073
637462
996182
378767
572379
344116
401274
166601
981296
836034
546050
673996
673320
186850
808918
385061
284570
74114
434539
445743
111499
116561
85170
44364
149954
456422
863705
856712
133141
391970
142074
764363
65128
592555
319049
645438
529983
861681
178528
422681
997572
697672
734297
380772
378186
564843
472195
186947
464278
933239
244000
443752
547631
592621
16189
885403
557493
632946
828801
871980
383793
365393
309737
542363
620819
309769
851074
691233
601809
433762
720454
821651
508467
971770
945544
855418
253458
966719
522398
258395
26840
305784
265827
829517
582840
326861
331520
455041
493604
481828
381611
10453
817286
954832
277186
571166
816318
914284
921123
97126
772677
545919
326707
796532
76119
146463
303848
791548
379016
176892
195337
559117
100202
526528
928041
663385
114900
685958
908348
162646
285987
755831
356477
767674
155345
688495
487666
649936
475834
357289
950620
40193
681700
428693
190730
38664
502874
806967
655600
472137
604762
770879
271947
127727
862392
948363
848201
897820
569100
64535
113866
299088
364092
400879
469900
352411
318947
74229
241950
769620
97720
971590
141416
371778
224408
74022
52626
952877
253618
521162
646030
736855
679530
543377
173224
808566
539169
811780
412307
964442
57306
895169
852241
444255
170738
728731
571295
24188
265597
46450
26344
931557
943391
814778
451243
193177
139782
408748
857573
587805
632621
396073
883531
426237
818065
643936
152041
489447
382589
709032
517613
850765
819189
315272
615445
758342
953514
275839
791650
918059
795495
990158
656737
484241
292759
934784
48987
199862
676536
835999
903496
258006
770512
32742
142401
895746
504596
99277
702431
701026
138259
207462
431163
274547
126264
684591
275678
413089
411576
200348
528317
708836
501695
344947
156595
178876
916245
242466
777381
896424
786439
236864
770123
543685
830384
875657
207138
675515
693486
993988
266326
451904
469471
966527
66873
607775
303303
672183
55021
728093
924328
562908
171030
286007
274430
757047
993783
680918
28882
661863
61684
765648
903658
743704
949927
504972
495562
917662
292769
459572
947181
141355
826433
237821
591658
355833
319244
538127
659837
444616
600865
390479
862701
565017
754945
858179
25075
167158
10346
856519
79599
202963
728937
60145
168086
939849
268992
189260
412470
656416
996218
481622
783220
671508
299924
69127
864163
503508
823186
402
467293
584854
188505
269622
499279
348423
505425
229894
563116
411832
382314
637201
975109
646615
22304
454536
857760
777568
52602
353305
944085
340127
522128
19878
75190
280659
84229
606176
223822
351214
316178
218357
472084
181010
923431
408616
603717
282482
258223
661741
54459
325981
743315
330742
783294
962090
454328
527546
829741
109696
881377
32508
256292
269832
608754
120022
989005
239948
150128
457544
359853
244413
623279
217990
707612
828335
38556
488355
794627
943873
9013
299335
369094
568272
75864
687700
103589
603783
344283
5625
841932
574326
953696
175786
878087
263956
112196
455336
741060
450897
89306
935246
645272
688885
751769
56140
515921
452280
148842
935681
219067
488439
192146
325946
186930
848732
388591
981660
369044
60052
372300
847375
136098
88188
729710
709158
145170
41699
302954
477306
457429
472119
193354
271641
887545
726931
537561
903067
468078
436276
616382
963589
669023
165700
410485
892846
209543
905733
633394
545335
932940
381227
394359
409280
213812
64601
727454
629656
361546
215465
906064
354087
479282
726545
672100
146672
654201
738812
871999
779006
278027
89361
211935
279563
114156
319120
88873
602960
51047
465298
950605
59171
227861
941732
885554
628044
526515
934558
78513
166691
650655
663255
901016
646683
914545
262452
628958
182513
692585
988920
683422
889323
50894
772064
591751
349926
981666
727112
244400
652312
109160
544241
315196
863185
640871
637225
367559
840930
730221
589681
717888
809494
233155
515221
600782
153496
220132
594704
320260
13494
82271
281443
39256
326696
121914
157998
384813
376609
631181
982003
543861
645715
348611
837560
266935
494048
635575
286024
471557
454671
507683
9001
577974
934360
455877
709797
462289
543221
314438
749665
30847
211609
27979
45286
834380
790919
730304
809708
467032
996171
354741
114256
726716
51377
560707
569674
644973
619798
902602
575582
41787
531128
770003
516046
468388
948456
907726
967489
658923
296694
531573
937960
643336
674780
895233
683280
613688
226971
853685
120084
270324
722638
969629
542217
742037
150106
155337
456892
782364
268566
974993
250383
596021
202911
32675
437172
339560
726278
149143
881890
65526
535723
948285
731819
888102
15294
57552
709071
453549
357502
984752
979757
514896
47269
422080
279483
610719
644162
21125
628441
483263
680788
594617
205137
947688
729915
322777
391196
310258
726007
818845
496268
636125
253087
761218
841708
677192
429713
297759
456651
792882
468485
135634
538573
551071
310850
353912
862431
884005
304120
795042
163564
762452
145161
275707
18103
482298
386287
451570
52613
739091
772613
779542
373902
340330
553983
927113
821602
384711
918680
334458
877316
533160
772308
155194
800115
769244
781912
948381
208622
446876
12523
453247
182448
639755
319037
784457
487111
802367
961385
40310
634448
888870
724598
50085
225273
115030
890257
400972
751266
27151
661470
148156
777528
832358
407348
158635
300663
928543
261616
535294
143604
598067
280100
866851
755297
196595
739921
549721
582210
743445
913205
911415
198955
466413
310041
42861
625983
705260
352178
712728
601188
75843
655132
24858
10173
789370
570326
154133
106433
629996
407053
704410
329864
525367
152605
833187
415815
376624
203358
136018
882073
726026
781559
915897
402636
843143
877125
721100
184627
189599
527755
951107
957589
900385
543655
286907
439379
732070
631601
658059
93589
997145
168172
229366
934716
973659
33290
318801
297247
163057
34120
30697
445687
716715
815725
210795
715913
287847
686666
332327
941188
361636
301220
457303
241132
158171
86848
311535
762885
778283
471633
854328
919202
715365
372591
339304
735732
347019
120982
733796
276221
480023
567793
43414
229683
314736
105030
623552
378258
717912
907377
636115
597244
469852
686354
417236
394847
260424
576525
856933
157567
529334
200821
26616
44454
739280
264384
215816
926554
193729
127982
800392
274942
49466
239960
561668
769064
631223
947020
178262
528135
531239
617366
466485
859315
333009
32891
927907
397676
469284
555298
513354
626639
137619
998156
448072
931688
551687
638820
252929
289463
958775
770278
597094
169788
884591
662830
802183
779744
593403
651067
268871
859364
974790
562982
44810
420311
362107
324080
51972
276787
274465
98037
801200
32046
897782
363741
363696
257075
648512
496554
323594
430346
680068
533072
226091
594601
323100
872825
459206
429518
300723
542533
659048
364158
648391
834815
955199
760799
720730
421381
866486
518516
721329
413776
965001
411281
852155
396506
278474
897911
481956
94733
108158
391781
642023
56874
303054
387298
713242
427701
444288
910307
728385
234014
492313
531337
12697
353953
362069
954115
5192
66034
545342
109486
82777
306779
920885
150301
832946
727647
445078
18960
694436
932772
560420
319929
44734
740555
269630
283592
650494
610653
925023
342012
83454
938514
787373
73866
370699
365139
202641
329418
71016
825434
666552
661013
464528
364409
459090
198995
978694
707702
393512
158974
476386
512067
80877
336260
970106
731686
679078
126269
229888
851963
262688
301631
375050
727651
684489
412545
84024
460643
93085
219289
15892
713018
917168
263645
142945
301021
92777
63704
597355
754521
994572
949280
757719
616357
207692
801053
374438
138284
75930
410275
62506
48903
992437
292619
976904
728037
99512
25671
827197
71483
357334
381834
8045
544900
47277
522031
458518
968442
360797
547942
902420
169058
225864
528622
242374
276697
54664
81764
676694
161983
707481
466847
633721
684966
685719
349299
787795
480656
512213
533102
891321
275350
681854
65793
945645
493425
627308
271892
182810
582094
639453
829300
791750
681915
685167
662270
34607
262704
114627
901767
571699
233385
125088
481363
5501
105119
494348
636951
773088
38063
603200
519219
79114
637732
198607
686516
84688
216051
976891
438714
586338
138396
548327
912106
675226
914144
836475
466998
291352
557204
538050
239563
723225
565546
492681
302242
190017
67146
967477
816726
640789
702739
140109
623616
323304
521422
321587
705395
602526
76294
460942
692277
123050
978241
225296
978026
375651
194968
524815
200027
582940
947250
312662
226015
864318
80283
460326
108442
852486
123804
787052
216286
271613
530976
732037
204882
893089
793672
281178
537272
557914
951404
381957
650146
667403
416537
666227
454979
760580
309854
634149
106695
811941
233340
122030
406338
386196
56471
931841
370747
722237
337171
48919
746509
963769
697119
130039
367911
761000
818731
883420
541308
862420
165660
247327
559938
202203
856302
494968
707541
565037
290403
880974
114989
849160
134483
318605
788048
976130
694512
998439
430327
930417
415013
902011
197026
319952
589505
229100
58579
44481
689834
601355
295244
854617
265091
112574
747041
605969
354999
844608
459065
995986
255599
688469
253296
401322
372372
248777
999918
694109
863075
552129
477612
494807
448564
902347
644762
709539
17485
540704
532108
730539
527567
550861
724163
242181
526419
903014
268108
391998
779867
926587
266885
892834
274760
217047
3896
823576
606840
144010
946129
357468
98675
399986
483452
685771
738410
599763
753309
200310
143621
962253
10076
265449
433796
118172
558236
316703
355740
134314
821315
191632
77100
115658
343948
661245
555176
766968
591681
82440
247578
968489
756043
553770
876363
9231
864969
545466
4154
200724
969628
900427
22581
879466
251921
12244
712360
954369
413898
311426
88701
985275
114488
848662
591867
229408
879058
923026
894499
531254
528655
371229
962488
567362
150223
836829
994324
134960
926851
708465
75024
258954
860673
64794
828997
658831
591621
293583
376467
672000
28547
145087
75139
229914
967256
492873
743811
197484
979953
182672
103992
281417
389183
168956
447983
93436
502117
174342
636671
923998
199348
376047
422887
138818
898305
844396
25794
958769
108907
519954
652943
222432
453468
421561
631642
631756
468653
640210
122423
775725
439288
914747
50120
247395
39261
707500
818842
763639
716402
915850
643354
150414
417824
336502
265910
669945
618694
440185
655755
580477
203823
860498
419297
761892
794049
482660
696731
487744
582637
975804
424183
721265
687428
931039
131870
951029
159781
703878
422928
640393
785111
657244
429955
77904
398357
187554
498879
334535
912840
681372
720513
156206
272318
792314
509353
773900
599892
395667
34527
207214
782323
432904
205705
620527
832084
900920
612333
475857
726826
291749
127166
499101
147856
554014
140718
402797
594040
850917
562566
702695
845489
936879
758127
928431
416370
974942
983432
276446
915410
38373
800984
368497
991247
681759
243454
561331
27702
13626
513283
519833
38383
460219
368751
621369
255697
937614
206507
110926
669500
678946
837956
93848
878478
99715
9140
743694
352058
611869
569136
515857
303471
684221
567022
119753
632163
456073
43083
951582
11332
79576
255664
998548
221032
78003
625078
510537
130913
637934
65515
277044
802647
847449
486805
715454
842653
443058
818024
233050
44098
615115
526985
629583
111364
608454
404138
846707
351601
410049
616796
474383
509483
374749
994334
863187
131136
441327
410235
455764
656971
5964
846394
423908
823728
765029
720732
235145
424323
558379
826012
44329
295310
577860
479144
391494
646854
701950
767428
499765
22932
860952
133693
94333
90693
608875
314519
128491
429789
324335
261421
316899
334729
608330
773368
153798
432574
127419
29019
181839
834818
599589
398245
505454
500559
857975
594298
247202
17731
583348
344408
611647
919318
191313
525263
291041
923374
321592
667830
928488
189336
578016
353863
787515
302878
333561
890244
576227
960744
839244
384473
918444
964506
356556
178675
133361
128439
199186
103404
966468
230595
364933
381916
272664
477277
410377
621626
557094
356703
42633
790241
639376
640810
665447
13648
723473
170055
233924
511515
673636
656635
604588
200952
552826
843075
74095
230065
220807
219512
433524
998173
792663
506236
734869
896558
31492
55885
27745
188805
81304
386470
107965
422157
551627
780553
522786
996222
232196
65701
856173
5513
347178
445178
983719
763742
577757
558884
65282
293175
998136
998473
854582
50983
811636
605292
936515
347305
913594
115659
713355
360004
368083
300019
346996
634022
786721
543067
379729
497872
125461
82792
66139
291194
619615
353434
439073
289270
10392
621995
468052
159282
935088
142507
744293
503370
995087
873470
561566
286352
43872
676234
590543
98488
238903
699005
485140
101391
762814
645324
645790
224803
193202
826542
936813
416977
558648
179464
915540
453880
75606
563786
703424
937470
750198
597602
962214
843180
784170
386413
201212
499562
997727
199498
703557
844372
201363
349433
609593
348248
261091
244476
346724
563642
274215
718936
578639
59714
16812
969834
70534
277066
471999
902228
136140
390877
591654
38042
16273
694859
415654
847241
303716
825705
506806
44858
338273
591330
701179
510837
251472
648013
453929
141777
853274
26646
258555
102993
760120
970850
847288
166088
54211
8431
564309
942382
272060
43800
331838
314491
489042
337477
432448
201729
268796
30338
387694
532589
509021
123543
54817
464822
756210
160052
811550
281385
579422
829225
735957
39718
923644
626980
720207
799179
199333
405967
368472
998495
305461
327426
477523
87631
574353
553905
391425
277376
869890
781616
58581
573936
366378
31011
162050
402926
151221
486705
500545
710453
33383
343410
918574
368686
684201
22326
71657
967014
152799
905197
490631
639874
730494
923119
663174
157255
695661
948289
408389
257445
704065
700848
595543
794852
465763
59098
495843
511355
34508
923626
395134
297093
103545
654900
696139
520459
331909
826006
77009
762298
232326
925021
118304
219450
26882
519752
767146
730665
244003
333543
192525
12028
658964
492223
294715
743074
365730
275908
272801
975849
754193
141583
389633
902380
310661
273681
967036
259129
678972
942127
851611
954674
257116
159672
525674
894855
143619
669375
924239
540673
42792
597778
496051
727211
805610
793164
397309
356928
965643
864224
333681
566632
440924
969591
511658
625571
271935
183203
336392
782695
297526
582660
820024
623620
568739
436034
916187
653357
178722
830448
738731
119528
962721
595196
582101
911529
930508
708742
843862
735365
542739
424081
827865
705962
827504
744727
864068
411346
264742
310037
542523
312569
907845
391221
347489
342114
338701
382544
930509
92237
102798
57223
562143
737280
966596
481489
932739
560770
266411
253475
913572
111492
766716
728012
14232
336511
818206
625492
966572
347543
226252
206919
54632
902784
387412
351925
580707
720146
553003
913898
239520
506862
887965
28918
902060
79956
407333
170692
300546
268053
859924
17100
769984
82490
420475
404065
553273
33427
894773
943056
340736
422391
648548
322211
977263
224549
566615
858231
511224
547369
466562
690584
502048
51988
395742
577064
564271
625184
727942
943621
883701
382497
894733
535617
146526
978340
117494
555237
814054
116677
573667
478672
626837
806986
830976
852982
321260
895763
849462
963250
91468
443582
916364
281121
880515
80954
167218
515712
971667
242018
37031
276825
407744
795359
225121
237917
150382
133324
377501
540321
546022
474341
978185
646158
205276
747961
142719
38014
209348
662951
605727
803925
902501
665350
893376
460174
524026
452380
17866
140676
231913
529331
772312
359753
251213
21917
364146
712970
176441
445015
568923
284322
930655
9002
501968
955179
108340
200655
628318
326373
680478
282247
487817
82152
749581
893895
618625
742091
976981
460348
213510
802337
897593
306261
597832
821603
181906
938676
893482
403217
871743
600862
433541
743441
19812
637073
121941
21172
275467
239076
471295
699288
117903
116469
124036
486674
867170
666151
175407
212605
342126
521462
641256
127453
767882
643984
584876
96955
554510
874548
699290
805223
634585
320195
171998
127469
377397
894674
404244
931541
913109
263128
486068
37347
839119
445478
866198
157945
781885
918922
812619
614181
457684
551412
541170
433920
9817
64318
800907
201782
95908
775527
31792
85049
219945
523296
371605
264222
909945
223315
481046
664108
848627
955628
159538
989437
465739
986581
960582
463896
344253
593407
696901
107409
340375
127122
656164
471860
790784
290819
457438
876175
544878
20552
455874
765842
77470
290747
75512
49492
659863
502187
673622
856931
86703
355067
186712
470776
408297
43769
283383
142179
672776
879717
728723
434004
321155
61595
352387
116837
599444
28863
399089
419402
122396
984465
318683
797089
804892
683377
66473
59481
552104
480624
964272
169619
679409
634683
565877
113761
40852
57960
963397
977239
145439
865365
299246
813053
840949
279513
582123
261054
938967
438837
47961
840342
436784
817776
378778
743519
752501
170513
305189
273083
194223
474250
734153
470682
808364
886860
131697
100400
707695
77274
835326
234036
436783
35383
912749
22844
786028
496568
56483
310106
241686
74706
195744
714015
202667
360979
237612
143602
132746
536633
148279
872972
340728
119506
507877
195488
778299
141695
807916
490669
614168
640435
662660
393231
759891
124283
578848
349226
211610
328723
147056
364719
804139
845845
129058
963492
388993
574216
143639
710889
512115
144441
900539
347705
578545
963777
330818
772858
797742
332944
522935
2040
745816
578291
882745
485813
447106
210961
466248
869637
667031
670003
265269
356318
381852
631060
768363
766096
548931
648862
380018
160516
193911
243814
812970
561842
143020
562992
897381
143722
717496
147549
50072
791297
397897
965588
955263
995915
422304
901267
91236
941400
801036
251741
662067
368314
67343
687036
669470
719995
340988
930018
324687
420995
841750
266278
566606
763248
935183
333774
679781
664847
770862
50537
808426
41758
513895
584178
375399
136508
213487
896691
859881
538919
598368
28147
973136
71169
730294
601172
29978
748034
765993
744677
643108
475262
121623
479304
408814
92293
379627
789873
638698
833726
955470
998219
113941
712380
541789
965551
535166
389920
546430
549807
40171
279318
520807
330160
603553
989877
483907
490358
64142
182090
635450
848055
336078
669721
360803
449771
264970
897628
4980
493529
439481
713666
225988
520278
47617
272405
593304
757058
429664
969275
544347
240676
462200
88077
569751
39711
274875
92580
866057
917464
450880
951304
819969
554564
77301
351099
767039
384859
652407
595871
807878
10965
923567
556355
797026
910539
950640
523265
822268
790736
271426
196864
219302
103104
154581
264879
269769
140836
449180
804407
545708
139093
684237
682961
462888
895423
471543
85042
766427
429760
618186
714049
617964
885563
987967
604696
23713
933420
97487
726490
252330
601792
474521
385091
906306
55986
349678
8051
979504
868844
203963
139724
840491
186998
430968
693432
739462
753161
998073
235881
579031
676746
307158
788152
703776
608971
352364
646586
588992
964521
268290
780677
19957
95877
519481
632329
999836
102968
621792
226501
344600
544328
478132
660128
917653
355373
476129
31918
282944
179741
160425
698639
468839
780521
250561
354437
230681
197594
673998
532294
282587
677578
875120
469049
237149
125500
571674
950245
518012
26011
155457
291007
646666
929285
18826
959179
88914
801152
197817
359957
184585
938588
720949
644298
399985
677353
516970
377795
187504
43248
766333
243419
779496
93708
977940
408462
583695
311143
195110
840461
327630
515510
160925
93399
627502
356490
293205
339702
162407
668994
363522
583857
956974
471512
727359
910037
264751
585092
242286
671585
65678
807854
473290
500038
44784
352227
712302
486740
397079
208105
592770
710929
332473
719433
532536
11734
480894
826155
73939
285173
878384
573462
922241
334834
50671
839177
136524
566690
80918
753559
253270
250536
675171
829081
557930
782520
874800
348847
145697
869242
732627
259299
733966
788455
960508
303180
948840
6918
722523
717840
855735
448842
706300
336494
440473
509129
44910
326162
384171
813024
84463
483224
961921
898820
587035
458022
159950
711510
357929
661049
435825
916509
820038
258132
92959
598587
579689
397182
842993
553907
642384
553011
62016
57160
437585
670413
790514
87746
419919
861156
884344
335011
262521
987162
786735
203343
267299
99514
207347
30127
94478
1225
43585
53320
287054
713760
287139
68564
684688
885498
73732
634649
901330
484729
905983
622947
957912
380824
633689
39396
227164
915322
748230
133745
223085
207637
296561
222902
159025
209117
391567
427995
189764
694181
557476
156638
219109
798242
332117
591668
316866
485857
732007
673473
443808
348418
699440
653250
39122
58531
524901
41454
57683
907141
710735
687142
512709
95151
969285
246904
632076
990908
539951
762956
735259
246409
636602
872816
40221
463974
21619
213586
394110
299402
93258
153783
444161
711624
299800
203295
508
376027
284875
197911
617546
674977
961042
470160
635571
209454
911792
927685
769344
131250
987463
501106
271459
183586
570693
451626
605775
627519
501723
361833
264579
975011
498014
384012
105214
597390
623716
894994
25196
655572
21594
545712
288938
25000
463795
937574
586601
677245
635850
823849
181157
831547
541394
722860
729227
807628
191138
713486
683958
204485
132916
108898
930639
560857
175150
467073
842389
430212
343302
387342
979435
250486
844579
639607
104379
248441
315484
988911
338257
209668
359829
576172
341275
117550
826334
822629
542547
226913
9497
726799
659527
179709
597395
453012
282147
720684
424778
952930
403977
232126
844623
797462
222480
884472
313958
832826
254381
186512
267935
322025
308
161783
477083
431935
37712
226926
813323
120207
185554
923401
688778
626805
678901
759536
374436
383542
252138
876385
104492
727433
752780
400685
717492
555310
291903
983
837895
913186
697892
883562
23357
727318
629857
795756
995037
354046
329382
242313
267157
610382
674383
339586
516841
106907
736316
944093
307720
835811
524356
466134
85918
642576
919308
651408
276466
134324
303889
904928
187477
576239
871762
193487
107348
965971
362452
845147
463744
238519
177076
68783
381724
79794
138302
756537
285318
827991
35467
923233
706731
652843
218426
502903
154043
52112
497305
67258
386755
692922
744258
205004
193622
374820
791741
472910
419857
718183
753197
313665
5219
373280
673856
713484
895443
319264
870783
521854
536831
455297
446482
993650
300786
288556
293489
747936
515676
701066
38958
578279
507873
389064
423110
193351
994420
787375
620508
328248
3732
25961
520545
723661
439329
78688
92280
715572
52806
364100
984873
965315
588153
911750
980553
305077
709149
398317
884730
435402
235662
274886
929382
497433
707368
904701
447526
933769
422786
125557
25413
339798
591688
187989
321579
476008
950293
124468
241010
643034
507988
348845
162460
907917
302445
207321
468376
530111
280742
615560
617893
132851
362562
481693
450349
212217
915513
569849
514934
753110
124867
646737
648680
941464
111688
231897
913549
479664
969972
268392
201246
558769
901607
39463
689927
970315
716005
750849
932984
421105
783741
158424
487845
663484
193909
315051
674713
203115
309696
987837
811079
183858
829821
874224
338852
69316
165135
921105
939662
603932
694258
933888
136429
709292
49456
626633
237938
990509
377406
689045
464110
654593
426030
106967
433783
22736
47215
801137
775079
443501
922383
101207
540587
666470
469960
468285
612002
675042
341754
743561
151388
949085
526386
176752
46606
743359
291651
556993
955463
340401
451681
132925
288733
75577
974055
363597
36831
921662
609299
497426
127736
927894
147074
740853
916066
743232
950536
862054
30522
177234
843014
796812
539061
649400
703059
353265
840650
777268
769363
372286
634675
456575
901824
776759
814906
230733
482753
673191
332345
909734
729466
462611
977804
868034
469649
926216
61451
249019
315529
794816
394948
195688
419848
753133
275538
290539
268998
779589
177093
340962
293846
555317
599557
949306
3036
142158
732200
434643
344497
680808
194227
466684
931543
451877
204625
764164
413239
795541
578586
535364
254623
584109
816904
142619
537243
872918
216533
557592
691467
160901
953936
381995
913442
370516
233196
950561
799214
542928
499024
517407
142523
186119
570955
295050
462700
413657
758463
715405
838243
118910
993538
281619
614464
847958
362360
592708
666765
54404
784910
566042
416143
54367
653566
216104
442407
690291
418560
635468
802964
602106
731102
242742
533188
508588
170350
551886
828398
85053
677844
560508
699155
75014
826187
996931
957228
293135
832591
63592
184050
733203
342804
664302
77668
438125
326982
403756
975468
267251
74086
68622
910502
123476
166098
850010
475518
182870
704337
73147
760166
614625
670762
417450
143741
321511
82029
604128
273516
220815
284448
445224
434892
205422
722467
39922
444880
266557
189517
952330
767834
676458
509145
327692
889019
338411
230559
713496
292564
989733
22024
860079
132895
154419
464077
901329
837318
44840
349239
917269
757687
729708
329250
666021
6741
259416
922343
103897
46849
52358
998305
103485
306994
149673
416221
24298
526670
733197
827469
910467
130410
908201
14866
814834
781247
925439
430594
975663
469822
367022
819283
888833
609295
41105
908449
727536
286696
22283
368865
392898
910686
828206
963383
741825
133454
427961
585046
235544
340471
174275
92169
72398
236600
909641
159252
584591
700635
630970
846697
191158
756974
734426
8914
404650
774426
340260
30775
203724
72326
727935
944905
514082
923795
833681
887469
648959
482939
983921
324438
784588
777673
977502
215246
312853
546201
556287
930609
413332
698970
392416
869141
263576
954482
865678
735843
125590
63681
648696
978833
56195
794375
809113
810355
257449
649176
714546
349796
481891
525817
929028
89464
87551
875276
132551
599920
12696
796571
663809
803521
107550
649356
556488
849633
529068
913238
470604
315187
201126
9191
75554
935685
251236
730070
235377
834508
32433
494515
897019
66183
890594
867788
739587
679449
334576
740857
826069
745636
645833
137061
215127
197884
14075
155922
338531
684495
159251
554605
808506
570562
662864
72339
735580
541481
137324
237124
867591
822622
381412
152789
720483
247552
856686
867503
183660
376710
842903
47050
800686
252181
469142
216763
54649
572969
145866
321994
519749
814133
786719
488169
696703
826356
249796
55047
783500
610329
462012
646250
319356
69056
986772
193918
710350
698214
84508
858757
675185
720705
134780
721818
935082
950611
169523
199165
771860
124489
286565
307661
384136
32407
998064
728905
638538
753382
852727
326773
75668
496226
658679
675083
107443
521284
958143
841926
241445
383882
880236
106814
106628
633574
201015
184323
363772
748411
564980
78542
759213
17132
767648
632414
58149
979792
814124
596856
658574
43956
958474
616398
752978
814731
863541
783384
199368
328520
341707
452195
599297
882208
468628
204950
698989
185873
263609
481481
853339
225796
803011
494500
741222
90330
531255
149944
565765
217709
744209
444026
453295
276
494099
643675
735411
590273
822150
451270
991738
21790
354198
423199
699215
877501
961835
138953
932031
403291
854753
44679
836078
613039
812110
828539
360576
845464
385174
93132
358450
256596
520187
93822
907654
395175
338663
42486
138341
53960
61482
627804
249325
9997
47228
639867
794971
436757
212907
255962
500293
370989
896244
845893
733133
118243
720864
144923
827966
47499
921755
892374
896965
526246
493632
568088
50730
452766
458559
336961
632334
719695
149190
206134
907045
162501
877646
288620
932231
475398
392624
627859
487860
958172
740960
304194
154008
688620
206223
609732
682058
294052
296796
909916
897860
516838
998461
459417
993825
513198
634730
508113
685486
121316
42550
694622
949482
751627
702643
531532
595928
650172
721548
606365
457527
590923
430406
125230
689720
235436
545068
764941
529775
508278
305376
767365
621359
224576
404897
359731
215744
735545
223729
295361
366550
848595
599710
215850
910611
535396
290114
70596
672863
438404
442341
300270
809862
365247
256124
543367
598161
533308
461409
17990
233425
666412
370488
24348
997928
374270
317162
931829
97910
852438
440848
616308
789613
127655
73071
667905
820234
30108
941833
8490
796220
863710
106159
621871
838035
458525
391764
36739
84710
347589
742636
776706
767642
504499
766869
609937
125273
294349
212913
67144
901874
253764
85351
481017
366558
912469
802762
751433
154522
518942
915370
66379
285943
967537
853649
493230
377384
55273
292556
711300
625611
384429
194657
46309
4440
885370
957879
376636
905513
519076
716203
623092
206194
939466
380439
734287
856877
819041
648214
305430
669171
789149
823052
601423
921478
519066
629899
255635
996739
272930
201470
652754
186835
378858
361814
690995
977158
815573
165563
684659
969504
357201
625730
843418
910318
116336
955576
373271
161608
868700
216549
459400
148089
613466
967512
222370
81671
356188
193163
844313
96412
61257
36377
647047
189708
817568
230857
851686
790480
846209
950924
186179
474783
557527
122196
794649
237735
892904
587566
791734
75414
229706
777195
136621
36651
267765
701346
558320
325625
650618
303726
66591
50105
836408
974104
772669
371391
12139
735508
30046
936033
559318
443484
950803
937043
686384
326754
178639
930065
386775
141860
951925
791295
574143
364756
533306
468680
235306
150508
589271
341793
991688
544606
111979
835320
766840
391083
483868
402056
664499
120276
717941
494245
553716
550328
14272
904592
277627
96254
100245
413828
991461
627471
476668
217008
171032
605990
374804
418699
353361
773801
252976
425679
867928
606057
131276
194905
169852
49634
916417
658121
80747
466575
59634
683995
228932
611401
920982
825164
318884
253673
727434
373369
510602
531845
377548
255329
315061
443604
979090
21257
278230
563666
799816
16326
448768
694117
254597
575223
172829
10922
784502
542045
285172
212861
630164
191937
655793
362687
794461
318872
439482
699329
615027
595573
12156
337771
465358
115935
657814
677727
61569
824778
509324
685746
232525
627455
811031
279383
887298
333602
662264
920810
529851
610885
68239
761415
159592
40755
376843
58663
743916
184570
881927
389160
412577
12659
539493
972855
594564
694441
473134
324025
752595
905556
941241
199062
347253
453938
915077
395200
735298
245233
450476
303886
835157
968737
376797
25976
708999
926853
429704
774373
129759
321065
69750
737189
55193
108184
814880
666775
627552
122894
118376
619038
287230
539118
302758
691837
393435
815936
993090
333961
946322
897041
141850
225392
863790
341831
807927
61812
212395
947073
386641
153017
674819
373747
261802
814018
412504
15324
510995
965266
567573
633330
279574
468100
487573
703287
575477
52442
294932
870442
813309
764780
817231
756740
875420
817546
772102
58078
391484
546263
973892
426188
494990
382986
330440
681804
652391
510598
427097
318281
105150
403195
461419
726589
550584
126943
359687
208402
584378
490230
360512
294027
155088
640644
86680
505112
458412
687936
373003
507169
93303
854917
315009
59148
185068
650386
105950
983761
133723
248325
575768
600949
939142
33212
7572
79155
47764
894867
797624
261072
587144
884922
147178
163545
103597
447576
209701
572670
922406
537315
349378
660081
774123
780083
627121
63604
546247
451565
805830
993250
998866
300209
113221
842325
662905
161430
725122
583879
312484
634704
218240
693440
838795
520788
211616
381533
309187
43404
991971
990419
176068
334317
254577
105403
543120
694583
887479
150642
692503
749895
607155
751731
153169
511413
587704
3023
560836
858338
833012
798535
94617
321137
139339
49115
973634
212962
862304
186093
708583
403088
377513
9982
216577
803522
675315
44609
840164
429350
398259
206871
952760
410056
820493
219907
443000
199306
352228
340643
434281
586707
98643
693035
140367
267323
205347
410995
942732
724748
32008
672366
110428
403440
873966
169290
438274
965936
332546
870416
286663
767285
524069
408912
409943
397998
221936
371361
466346
276114
374417
54498
998223
657656
606307
906134
201296
968025
961762
210027
645838
507024
67068
104420
798181
120731
779208
244147
543805
277811
158302
878064
586429
805363
79792
256727
242499
217941
956099
405313
310565
248242
765061
861931
805891
717216
537758
960529
84514
943216
686104
765209
806247
508425
394331
786540
280652
778330
332556
461206
530584
519011
781900
52886
196904
68766
373991
486905
986970
939794
448285
82359
288506
349191
323299
789068
996434
920107
525934
424584
621874
383633
367329
356534
73127
718839
9604
219347
382433
296773
186761
482014
563812
503074
175563
876337
401170
789979
635755
929745
38621
284363
150525
62914
381859
427526
249372
823952
808820
365312
525713
294679
819088
199535
330987
268454
177288
405893
281485
81263
269805
328155
384512
500627
384062
956034
550341
952638
565387
714182
318413
864890
710036
221493
218464
895929
459998
618259
756196
827057
53274
615558
895012
709224
919003
545811
551091
750022
310388
373174
959375
928813
880451
537628
602961
753238
206003
133671
799544
959141
89661
202010
840083
172393
997217
185413
247878
834375
147985
484409
516787
79492
630160
767638
930349
936486
793615
112409
520079
285740
116021
511424
46829
952543
727108
561525
189371
2251
400995
940083
641492
461607
384056
431605
932979
774356
54385
723359
524575
688557
110439
206609
419061
130073
323242
935001
845875
210739
647075
344314
984996
754527
134926
203421
545561
867235
666768
281206
53980
913936
770902
60604
488016
860336
368064
427631
87623
635901
620240
874668
860223
345507
853871
295556
784148
803995
182544
436700
375476
99191
302088
997043
293502
979354
574435
296175
268786
516465
457424
82922
259528
611562
848634
21848
307439
876556
225937
450143
658515
364275
891375
904174
237590
912471
271608
873136
192946
367111
942075
767399
65485
98072
587375
219546
890813
396656
616259
384896
846376
42499
638676
496200
152419
96889
452979
184744
601217
507411
859921
559577
822478
539954
57584
959391
518144
608777
474626
953423
190609
694709
159694
982942
313769
646344
7830
804477
663694
434995
256343
159783
179175
429916
414102
227550
67486
388411
171802
147007
868511
45098
673206
978338
467240
527696
536367
455850
941231
817651
29495
669256
724131
723049
373800
703941
55387
807528
381990
340321
48783
69545
657527
570343
454946
331372
356219
888949
946110
243676
450504
274789
803062
726162
269519
732667
850166
119583
381625
701344
807536
117527
750455
595308
11714
512371
267920
806708
179046
271927
292694
488927
966751
898583
280632
693282
964827
297771
867358
167843
311547
599161
747489
50548
252298
512845
120036
821920
517648
927591
810812
619238
762720
18614
576009
625512
327081
286229
281533
967501
157131
340569
227202
515508
444290
797472
863803
139000
729734
243951
386436
324468
191555
182225
403250
286843
903720
40908
150558
746909
199152
809694
290645
311311
144726
942113
651049
554202
316032
974817
556891
357062
837713
567414
857065
492982
450407
755945
663755
783309
980074
624318
365778
285028
506762
500285
175802
197221
831796
280325
679772
685090
805499
110707
517162
664467
529979
402160
582240
486731
312673
585132
712933
260406
986061
923554
318863
182567
600714
982653
675537
345932
920630
830124
615703
714122
237639
181928
290758
438712
235050
670337
349170
183823
419202
743546
574442
986945
257187
74045
351536
459424
9446
189563
495294
885481
248455
574815
381996
254730
177233
105327
501375
958868
17326
416059
472877
943633
5702
453150
303337
699581
965788
196171
882781
307995
983115
650523
331942
673087
997226
687682
805049
66501
549274
313566
636587
816977
626603
871733
171086
991478
82365
190283
805787
612379
362119
599643
405848
6334
968437
763450
906436
88154
668183
738825
659055
804603
770042
436541
829178
584734
641659
539542
86101
451061
562802
92325
141778
611733
900727
337651
729283
662961
819044
535530
720690
706600
788868
563503
843504
911682
234084
500587
314552
486388
690868
679522
507772
901649
418453
643975
906494
654298
659206
764837
677173
261598
19762
312641
211905
356081
176456
193406
703043
374386
620132
231857
520672
108991
492829
909332
902971
300064
792108
564346
12317
61260
195225
162733
783194
268371
878585
874246
762389
433752
837931
719043
320277
584269
166734
208665
812167
657425
351383
927023
509661
226304
842334
527892
883713
956289
123743
602547
963852
843927
910879
642884
5757
865015
116995
660025
991580
344338
377074
774935
715248
354620
169979
534976
769405
873012
935890
923614
364778
521321
440652
890432
245210
210255
77868
589627
733617
407099
611282
821588
117236
635905
825698
361307
434074
423355
511792
797335
302930
696942
594920
732841
60896
680031
196350
419359
306827
107066
393287
682515
55115
1256
773678
148474
793943
815033
254813
87163
912306
668032
917006
117712
452136
503642
31256
851433
884811
668666
672439
443609
762545
191940
371120
535011
934046
736962
638013
234967
350530
160593
601510
314276
938826
49544
819037
387825
160726
488513
822786
265112
601735
761278
22959
691595
305386
266451
688854
901687
737977
36951
528742
432971
272904
363455
730878
178891
570706
141121
433147
39218
725948
580169
971291
294565
818087
943813
893507
470901
874002
103713
866547
968561
520
431942
522493
408889
635069
806998
973716
326096
67001
909951
786372
429824
178325
106782
254026
811556
555536
344790
915108
513777
532168
413088
841035
751749
866244
972444
25181
261552
670733
154654
974151
189779
502970
270435
99634
344156
327804
855501
581949
995023
13010
213085
879779
895769
277391
514630
518388
652912
918764
788446
55469
953195
868939
741273
57999
178765
417528
666787
184845
316915
780991
504078
274006
347915
305529
454160
702522
221039
256956
761072
381335
506525
503147
102515
407694
466878
230695
363175
59605
325635
642220
206641
201383
862409
640895
566931
275833
564534
223728
714508
46657
260735
634561
632854
982435
42191
925758
972133
440325
990069
310176
434503
975453
249973
709922
264981
549653
55474
46977
247912
859317
802836
667896
543014
650700
54903
651993
692250
665995
259075
902762
257938
629128
208520
388908
225857
257055
66677
793607
290624
894435
756006
378927
301941
673208
260359
117132
543985
655869
805211
803967
959136
172766
445105
976775
676873
302257
567394
846213
405806
803434
978839
757369
125064
614782
157617
276516
897224
548724
24805
65054
747972
796753
142107
690096
491116
517777
528966
614071
900916
981766
96168
881623
165879
228232
443417
309746
730608
237439
61846
903541
350233
366688
998825
261408
260821
42412
522011
197479
46738
802513
41918
399340
214530
290670
322265
163081
84212
668569
779101
373849
109420
761445
202473
731574
116245
854282
851005
701049
710629
164680
481782
968423
307994
757049
28004
487836
364378
448218
581489
934496
780111
883299
90461
591067
673709
949256
148511
702551
271011
508029
972418
766859
476023
653759
839329
972302
932495
632491
679045
984261
721549
374336
808129
376074
501170
240128
2811
222437
806837
170539
808635
884072
144491
424684
264137
32267
46269
662029
462868
417632
629677
721702
569124
916770
926199
817571
994482
368231
99018
686667
9507
378155
289983
865299
220370
336707
986106
694222
57332
304427
207217
945532
371551
931064
241461
327915
18552
892019
306904
857250
637098
476713
192451
815493
595346
784912
538305
298080
270102
332432
187461
94552
485311
118882
549841
556544
398511
262525
61814
507807
606870
78714
389990
518922
345154
997925
840919
583984
174042
252286
695803
764767
325895
881033
753591
122487
514516
574817
28208
593910
508923
242798
960547
940617
319016
655496
105243
651148
166381
32297
810013
730952
402227
477291
841108
409075
189586
777420
308112
892671
697280
129966
547913
722848
23479
703230
631394
565312
880607
866975
539997
889923
849565
486407
557183
199168
889085
80337
293650
629821
760774
237441
973102
8266
232779
510169
205853
810161
679410
954610
118427
256293
975697
950444
616204
902820
64205
230210
664393
592185
26040
54828
605090
493147
842648
38827
251028
215035
580492
693709
432312
895889
706342
327716
410168
670543
96333
327163
247975
569461
346398
547248
892730
946059
848528
310052
520815
145195
253369
25346
875374
385005
370902
279261
3447
925896
34994
533009
473192
539724
904
205995
796000
142910
835894
350931
164853
401779
508756
434841
844791
86273
244909
363197
42302
127083
94062
870473
207956
404938
801426
862006
5478
752860
41182
671610
925508
956268
177309
499161
775319
579058
21692
624185
311734
159512
233840
831564
388874
641398
468819
944756
807964
269442
780687
9679
311757
927505
511997
152558
706647
982020
965865
167221
71477
679934
344394
105824
555794
633311
580646
9381
371301
432166
590326
111202
458196
682012
757184
796561
504707
890124
426426
909870
759447
52486
255492
509699
983172
789670
415906
662353
615389
277417
772334
496416
998758
9796
383564
68124
986715
259119
57340
48126
852140
450192
170354
124425
797075
859933
493814
564777
982499
798082
768242
502217
867287
774507
753451
430712
390942
440258
208945
368280
336752
58423
226230
717364
862158
322275
607424
526989
669064
625012
755741
913569
542206
635947
900995
191291
375507
919419
902063
445981
843147
716863
471373
412064
579825
819759
387077
330398
935756
698221
498938
655968
864319
391195
956521
801231
194901
469715
309299
278519
897
643231
198773
87681
478855
724159
921370
433137
592157
796633
929019
801074
933422
522296
118200
960233
829247
59856
552380
137866
284692
824907
347972
889014
223032
472468
41563
835781
197370
612993
93556
259906
517435
634809
837992
18165
929477
702501
51891
62543
373097
41366
985896
11122
196553
222809
809919
604457
772112
196393
416296
792019
616599
311247
48993
828634
506164
810227
62739
723346
932465
373128
867158
374115
978450
740815
997991
43739
88126
300425
588261
665722
457293
23263
598960
728625
39760
339346
88509
313278
146590
281484
309058
238467
911105
917319
700008
677547
204433
738922
224811
642291
826838
400272
397740
321049
716141
757585
376533
156304
193463
469653
789992
334632
606971
15161
991597
200389
534933
509166
881381
466354
121780
465830
80471
497413
635826
395683
397602
470074
173749
966000
145013
765471
570988
311809
616109
356927
589822
619501
196801
341161
869222
986289
313992
458386
132631
257715
99705
68500
673833
671608
97831
207940
536403
890760
437231
635147
101468
337635
207645
189961
210700
32613
261728
943400
419214
67522
915923
475790
300685
455230
176711
18475
806173
721110
375666
406479
551018
356739
547212
553897
857972
909269
977380
535849
818366
454228
867703
889550
298793
891554
362378
868369
445950
390987
456408
164743
63396
17686
159847
654656
752350
837173
807524
368311
775186
804849
366821
563406
113172
506846
710637
192594
636066
883865
60793
300237
595755
514584
191956
221808
657976
600972
936612
885604
777424
716250
786363
168963
803997
824361
230883
980301
38532
582984
630021
510697
358663
840963
64220
842066
527822
546143
287493
320830
930502
102494
771721
913433
395008
870601
833604
490736
393305
581834
889694
243867
965065
535300
44817
425359
394798
17217
350077
953314
124717
864380
203094
399151
949024
163181
78884
224903
610965
467362
305580
826180
874810
919751
508136
143282
831795
215259
823589
94968
622310
172458
403481
351514
486060
687188
385115
422121
778474
991122
123504
492122
727723
533101
249857
402139
580778
242274
424907
132832
821803
749790
45930
483765
677783
594935
864248
481946
313628
304112
169370
516767
593302
110018
15008
330636
205432
723309
703957
235210
583900
8440
271099
110265
635579
120222
925241
569962
909300
114888
327406
867286
815080
234492
312736
609826
686850
135361
29279
130727
845497
98041
181092
450630
244576
374714
913899
553058
574784
38823
400608
865569
640476
423691
586272
350581
637227
730320
333043
301977
12626
574597
154342
521369
881804
747254
289212
927049
19853
681152
645184
640365
605449
749259
244200
831148
537629
374814
560389
843759
105743
139973
908078
588844
858469
838586
24103
626055
317868
508574
452278
830089
432356
198060
570281
331028
922237
370956
138385
519586
245694
942998
687346
589065
885209
861170
286978
420297
106003
49390
62625
71139
851993
35117
999286
162837
347118
292461
237143
587224
888892
227026
797989
853754
205546
793869
561989
833841
419104
300740
847054
181692
696478
974157
175100
314901
947307
69502
252088
894324
309895
288493
421548
432378
978538
451412
529847
547986
529158
365033
632572
622078
577872
898571
119196
291107
355041
878070
287201
479738
310738
921509
465841
841771
311821
733777
637561
529972
770603
744616
809965
850799
585929
839979
976368
377342
767458
863938
113385
599111
104326
939283
765336
424527
156574
888449
789960
730461
47703
34291
928330
203910
944541
371529
812869
200662
699512
208254
238651
591709
279377
490433
485014
373421
204639
125741
798234
807845
590807
218484
704368
464304
897006
213504
659667
365457
204711
579270
665172
508642
705647
855121
170008
958612
474526
22653
796199
697290
313069
444096
758083
574044
49022
878052
605012
112351
479860
881422
28672
622890
270486
489305
723315
567241
521589
896073
750933
374682
686824
634537
88414
80853
671658
133321
898657
267294
555239
53499
966311
213614
515849
875111
571310
758816
917951
212450
290853
234207
349552
289892
827728
43854
985733
338069
859802
487206
599459
724940
640301
276709
736780
611982
850012
987305
100899
332177
358165
264079
518994
876703
599756
634984
832117
300939
962223
528170
464211
677418
320795
778128
303629
304957
732440
496124
543136
53287
473013
236266
730090
888617
509721
750087
861354
623223
360515
830001
537417
241246
907108
233265
735740
192731
916235
411590
31839
483538
160891
6432
472171
920977
347303
764959
562344
711786
79743
267717
27261
295707
362691
243969
682518
982778
396878
160216
347516
568450
605175
520415
49927
538542
605147
398194
797415
330102
330345
975258
441112
738519
275870
379050
109033
73977
170822
58443
181487
827839
902036
163806
410610
369595
492881
884980
614827
491096
816734
876979
926420
226677
160062
44853
776813
55668
290493
867254
301959
569889
564310
722113
978233
334620
597463
592364
370644
504032
889413
362322
279925
730685
598549
940028
485758
295086
881214
683872
379747
445952
699573
762316
404593
936448
38285
358789
234942
684726
329544
842203
398075
859834
856694
271385
346243
284949
533541
684850
665075
525164
626127
967168
509080
372226
758662
975204
505065
704327
467360
322808
472721
18427
855580
267060
655983
834266
539569
379596
943935
876598
831539
722669
28378
719522
620375
209995
32377
311834
702493
836116
32259
966416
172594
467234
126288
553711
800
877017
165384
805650
177349
997810
25942
776649
194477
647401
977980
908248
849099
676743
967756
927453
590250
714423
425300
681917
706156
525664
715332
504137
358748
414605
988493
958385
463991
165402
168845
116206
354392
366222
2904
941566
28366
340596
41411
623886
852582
208671
907597
769672
259680
27694
854215
97691
522882
295748
99135
986103
999543
225160
736701
910578
726126
276249
629723
266525
135629
70796
721692
233496
530726
913406
97932
116308
547379
39049
380564
199404
994538
534003
342298
18561
46744
797513
399122
231369
131944
206123
601513
564331
628911
657377
277954
650138
959942
632874
370901
286252
305357
363802
729203
84173
448025
90608
142766
377413
59739
159685
346632
519195
396474
155409
338664
5145
53289
458037
162271
926992
586415
690528
102780
63291
164660
518373
395855
15489
794322
254403
251751
86641
648147
859586
802958
805988
476028
897465
437943
653197
799992
667372
433395
472440
820565
897158
74220
402330
223161
663072
974627
102594
835520
939364
848753
437765
467493
762069
685106
470938
455303
941074
765034
257643
824460
200794
899641
237979
808701
303991
961457
838513
277331
722239
736403
766499
13972
746077
408770
712032
807703
516958
980957
561040
416264
457222
74084
261603
23512
611700
798577
465116
115066
671145
387120
697008
472799
134731
681897
613250
814902
223856
537501
543382
548196
815205
824355
461087
765505
710566
145680
226647
624947
3104
12031
825965
386631
969163
472814
306555
804397
740512
463680
980611
45361
909210
588024
825031
375723
437687
713939
446980
332523
323028
13510
960309
524199
563963
722228
989273
51011
27163
141531
420798
544174
964036
353604
839111
103270
874396
677278
265020
491079
264089
924959
428502
853074
323775
170502
689556
73060
908294
906159
241104
695707
717448
514461
45872
831193
245456
43527
735058
275914
816224
132723
442975
624451
760876
999715
893454
12768
255110
127203
725447
16748
837466
572897
353770
324268
918878
846152
826644
433115
592624
731723
548410
10588
4979
424176
952118
723152
289148
989199
820536
561921
827623
833520
66645
943685
919172
210711
468342
216047
971462
259835
930584
593921
800003
803145
363141
281614
68043
110498
790129
961949
806129
123122
824231
523069
649941
104670
728982
867260
684631
939896
937572
584215
747850
754775
53046
587458
845091
757164
253156
653716
484580
492878
823149
826021
415473
349913
867105
511974
717903
569431
909162
856695
300322
465230
348209
672552
931200
572565
813415
45687
715799
513033
210238
424363
438062
224427
208916
123891
830065
32786
612813
933874
845591
589610
52629
973968
167683
8788
573597
799571
362028
761060
367124
163493
269061
563755
315602
821784
366099
848258
761517
737671
764718
828887
53643
299905
936551
69453
832311
210763
603967
324217
974534
325673
3817
709126
254328
545155
62886
259197
413700
444676
879818
586749
770981
739550
911016
122632
272326
476799
777771
493348
529536
528976
236238
377905
433938
250233
894458
347850
716360
876097
303286
499611
766680
675994
252989
573586
509765
81684
115057
142809
817061
646277
618484
456764
647738
105842
378730
838033
701965
291267
281424
802020
463253
579169
240471
409502
105758
206948
581371
759103
304258
478926
490288
681348
901419
700830
711199
404992
486021
260224
820111
322833
202573
979126
194358
152178
348803
258573
195884
760581
764662
484835
914935
608849
873361
621281
343609
268451
976796
192602
978127
98283
650213
715624
236414
859780
336606
559029
8942
45669
327487
418700
231334
976977
855311
616518
329778
282612
916928
48590
479589
435781
832834
451943
968617
86966
536388
566439
175498
477392
695642
839260
828061
278491
425382
427310
146268
174963
875179
728671
32141
653704
249844
714817
659552
229064
345580
387300
279755
488042
537017
659998
798379
164700
607377
161607
606640
553315
483051
999932
934780
222161
922543
268976
6905
987640
146004
89694
976651
834295
78974
236219
431608
826527
937696
655979
273608
21956
154400
888666
116552
674179
798302
123594
973042
199437
878831
283860
124024
207814
836365
195248
975180
571525
964328
237536
253472
997341
925301
470113
973002
391202
70968
536117
642729
924494
161286
462243
555696
379571
827236
792844
766496
606991
300848
596024
753456
596048
903194
255881
685934
990507
785289
494564
191724
123783
571978
92795
446307
462733
901551
136235
979839
223713
404431
953559
329575
496186
617118
910229
905453
303041
606282
659999
883900
695277
186034
932055
634362
94459
48024
334942
203226
214005
59591
610681
644989
941462
467221
563845
789361
892452
422898
395734
401147
290839
447875
151761
987569
69909
455284
174428
104525
642858
30709
363753
644209
996253
272204
448838
327890
217037
28756
195305
420194
983033
241634
2372
1475
357816
886418
456645
124235
535880
421341
805593
685095
652205
62781
959818
723065
490543
980244
505359
429162
552407
922499
208713
460356
232613
918509
491489
454156
70036
823276
890111
539700
519986
943452
547413
695171
141832
801019
75551
738499
423738
24596
913628
586129
801824
839523
336411
169817
833771
975844
424745
300582
203154
45339
740657
882844
48582
858500
114356
933013
130144
733899
52970
485202
961262
775011
547812
986738
821959
989772
687453
833225
298015
970282
460068
317542
765234
128602
751607
255045
282207
677833
611620
714539
688983
868506
607683
946595
617874
841334
463622
302495
447048
125815
623356
661715
208132
471566
255058
700424
840776
214155
596099
54748
31706
127420
558827
113767
231686
137853
870827
204981
234004
759081
900692
372492
49339
802842
231252
238161
989896
631120
516250
537837
279364
320880
907170
153745
845830
691712
785586
742781
89076
558003
914668
717452
933476
760024
375995
843025
388504
638848
653811
557021
443852
804458
611258
582408
101903
175133
464207
629597
443103
739393
985573
143212
114990
953537
606313
858102
762504
667591
740873
968797
346713
291587
46749
962866
282744
841087
829183
382438
540863
172174
166308
621419
208820
652013
211975
112120
688358
991313
911305
894183
452111
219559
365466
103978
228921
781338
221751
600437
844445
284830
13634
479072
875176
993350
337889
868995
712651
236478
32987
266351
574029
645662
634388
784174
550377
357455
898477
293793
277541
950001
739999
382860
500825
366209
339607
547249
442998
128644
206297
190209
486389
396770
727985
127393
77819
111192
866034
798761
593063
686398
62505
329577
979292
401496
52697
797195
726817
792687
382290
373959
409518
616874
529036
483926
806071
891063
33998
181465
202305
419493
341885
24180
354300
33395
678824
842137
582264
928448
325604
544408
261425
944278
45513
721010
492644
170656
317550
960484
779952
335646
500284
594498
750542
626864
181586
912048
311419
480950
801740
921510
410115
755444
302290
148754
39558
219227
236257
150768
563115
746265
902585
881631
228623
958986
86187
721227
3125
932196
327852
331697
334173
991793
981692
651353
293310
267934
5209
954102
951407
380538
585318
216124
707343
442408
721043
736497
173618
288802
10513
554940
171296
750522
962900
415060
354789
311929
164249
810424
954853
877890
742561
269479
439361
327061
661348
108494
856578
357384
708035
386192
242154
899159
138191
131054
721270
104864
747840
999966
641167
471047
848315
793426
498842
887663
479517
263841
531274
709000
943394
385432
40524
312636
297345
63913
667831
172090
489320
148395
795192
19496
239367
976742
323998
553860
277272
650945
684554
30139
605275
969745
76513
19070
514200
245139
791958
884135
784154
533980
6264
39730
938405
208051
210768
421181
73951
145469
926173
619208
926882
233984
838322
995960
690176
542513
896683
89569
146255
828239
190866
237567
916577
906966
106154
635666
556536
280907
355950
511898
678056
399557
464263
331759
144709
765427
683513
200486
38072
978035
168354
81664
992989
892795
880922
370818
346459
281078
919739
841228
104812
209447
758545
777116
791479
631946
211742
391668
268476
165091
978427
442212
729568
946945
609968
378307
520001
281464
792077
647741
777513
542951
565891
814936
924540
52959
972857
630932
280074
541371
430813
143689
848368
521690
304671
236835
803942
874835
402315
841320
84138
478685
734375
430611
89942
211362
786320
192566
34101
645809
65177
304320
505639
40164
320619
838779
226494
295917
738362
115379
20280
312943
272626
257959
300916
81865
930277
17402
410381
644515
480650
666897
314222
164361
32648
247987
434657
727610
161618
233861
834515
661730
401924
837489
460085
791182
928585
230222
278886
323463
597457
427285
630463
235130
522477
650547
13407
678220
570504
45850
135503
441430
380025
839871
989807
418693
483214
30422
65442
338070
162236
780724
283089
404969
604169
97702
254537
115737
869850
939310
135253
440123
713585
767154
455063
534678
246489
182182
95439
786520
269852
849202
888463
870127
83568
484290
964307
991957
202960
688437
863168
473613
853928
576440
63156
19295
83845
940618
782118
829412
651543
737443
434701
629648
808895
948514
348444
236154
522904
869437
540378
807899
241997
112269
776838
81815
752613
278876
935471
858291
121637
651833
197164
52508
791339
734393
114608
236908
353788
785293
759484
736049
827733
175253
734176
335265
824540
770833
130550
447460
787288
28073
280965
619802
779423
843210
182655
197873
696145
723490
237028
219867
765454
652644
455349
707814
370046
813308
659295
730763
970677
679538
552701
780137
568519
594072
492688
815359
553310
95813
461372
961570
447036
769287
185511
216963
919814
34370
837938
404931
83358
756140
667812
914069
833082
378363
222095
152716
568543
602155
132453
885863
760025
95791
948548
455224
69344
182898
295933
471795
158976
995653
505208
692101
571911
733874
434262
976423
498743
60761
95660
913193
430852
701324
468143
274147
964143
534395
102321
549534
326771
77443
191822
425408
320877
557917
923773
722768
393265
549963
926827
410628
317465
22886
331789
532018
928483
688213
122707
703351
32453
904514
332964
761190
275693
209180
136648
691038
348826
127945
250206
624529
73639
989912
804823
431099
598955
483852
825445
63556
31409
348846
964407
823024
25484
340268
185785
285789
90689
176487
128558
839179
605773
572871
827351
148779
792540
246228
397726
352963
27052
915116
288610
978430
626884
839155
324089
169740
8625
770732
81143
303002
180687
722780
865674
721805
454613
109644
159895
242337
126491
189376
231182
72322
628831
120492
860572
399429
138406
806153
129387
889351
364480
838637
64269
620731
283106
360863
931840
895118
980019
36269
699486
487323
403027
220502
728220
298592
47781
21037
105596
143288
570698
210504
40414
2628
504448
8068
634777
995502
400024
592382
874149
622558
886728
396170
155103
558106
881089
147425
871210
311873
786865
684823
916189
459876
335624
64412
810428
9987
944230
334465
473152
681637
137631
701282
727599
673035
134393
174189
270084
557023
593706
681578
262930
648181
977414
287227
633817
845528
786068
852581
508761
705653
709798
649629
721615
929973
26309
669239
473770
9330
127826
434
800607
881543
947831
445584
994873
438917
872858
946013
430980
733721
601626
730131
93215
270264
914870
232312
49522
365318
615023
565175
527451
825780
878805
736882
589314
964906
496426
162735
953508
682195
97386
282991
766324
591520
956431
590495
231736
130322
828853
132239
781184
343536
504420
227890
863566
529154
944291
570580
643270
603016
106651
680606
37729
375254
732659
420629
574270
701169
92972
66997
695359
41453
769318
343470
156504
710193
919535
745029
907690
87123
106479
816989
434875
626511
48239
861537
971507
899853
790828
332558
773260
533133
494446
361684
738333
797682
362960
399400
578700
197505
978567
590851
31765
409030
689631
219767
644869
41537
392124
906721
530188
613559
800081
617511
837343
779326
684202
225132
773239
499124
406817
259668
253897
283812
169552
766537
420956
17989
266523
256791
991494
926661
97752
381178
183184
907029
312127
993258
507122
628459
286245
822034
325386
718783
722193
584350
949221
909651
233506
499730
863682
94237
413822
989232
249509
912377
190007
154477
427928
203335
977065
284410
76393
103389
884181
95997
189500
749406
793027
591783
968894
367893
629139
193378
791079
771760
463274
400777
339948
580691
836853
758029
636019
199545
682384
251600
44945
406911
482427
731179
187263
25984
107294
530034
588597
53601
18405
859980
189970
945787
953977
702287
898453
287629
289380
131760
300162
713106
497754
661335
12934
593694
415239
820139
447894
482207
614819
987409
522045
601452
815623
757624
474188
468032
141460
886478
582981
189873
890390
681664
156381
236062
372897
615664
849883
949863
446245
979068
289232
992883
59002
207981
889722
124882
306729
896933
286779
784175
965364
22765
808797
127399
928230
902239
802725
170659
781486
621058
803451
633151
389852
216552
677018
850112
728496
263664
95341
514634
563287
560074
354868
614783
785050
384328
201528
971498
938941
66404
309844
786825
242026
252206
540294
892887
284191
454144
51039
842292
673879
746920
320696
743311
133880
668982
220876
626983
307232
933929
32509
392191
162968
996301
614399
287777
9269
645430
730445
722710
689370
530596
872959
430888
734234
269993
621613
749300
661805
51888
572960
437895
280333
353196
855200
601014
196280
961091
654075
203203
100249
624134
742769
491645
3704
587737
976948
212581
258737
165932
269609
875221
242214
707491
575549
650638
239601
322127
161330
415120
86248
200441
223903
735063
12564
432900
666662
745458
43117
422273
797981
981113
471885
29181
344752
759566
509605
849595
63286
59259
347377
523868
246273
560265
342620
113872
82102
218450
406529
905907
442370
142564
938815
737967
184476
248745
947643
787398
494368
96712
632861
497839
144634
375379
789007
558973
882434
102076
735759
855265
209304
67982
79949
678262
948821
754862
774615
270950
412634
101348
697667
667688
75971
324491
4002
485364
359810
374593
107569
402121
84364
881527
325139
616303
435617
477009
125311
806121
734078
187732
434072
89915
136261
69235
163397
789382
724400
305061
92147
444995
702111
993198
830797
501872
608219
945158
757084
156738
513255
486949
174259
885521
426803
382221
68790
608886
168430
1704
581554
64336
334730
347023
531959
884981
275034
903379
526737
331737
567545
54140
939947
84746
993865
271989
727838
162228
379541
89715
195473
152561
499268
208026
26939
441523
343077
384727
36742
480753
883464
866971
922323
953152
984609
474791
161102
841695
643700
635561
192693
284498
757083
287743
434945
141958
839067
658782
379613
239060
660047
870039
698335
737746
857885
264900
959769
281473
408555
985019
943528
796292
962749
811815
720771
147198
949174
855197
912567
190604
120981
173071
106901
378015
376248
731374
317591
692193
660218
731101
998531
667808
589490
174586
660095
236651
243437
406165
99378
641394
338282
232283
389368
626325
909456
353805
495389
459009
198472
653686
244967
361862
705108
865573
18510
49942
920264
993784
138128
444671
133276
658250
413790
180484
892689
584850
121145
316772
938400
803052
194535
25999
594198
661636
703922
137241
243239
159556
826212
55141
458347
235100
770443
854387
534430
530617
220658
945940
466402
635383
632924
691035
800450
79864
923250
350873
521296
573419
938266
379078
414776
973377
330112
452850
530062
235561
934853
519418
367347
817935
921626
820587
866485
104826
547384
406677
605848
264806
848288
211556
409242
796241
832514
930473
419459
880596
282609
840029
243536
480623
949139
77098
376497
691562
36415
885562
594470
987987
437605
581430
872161
412546
289683
51481
356940
430540
769980
182698
125471
176548
354917
655285
47427
364060
632509
918583
607141
61318
505428
287360
357332
14003
548251
104055
780058
861495
570722
105854
9527
475033
623192
914127
545012
552993
712075
689386
322855
101600
163608
66966
86008
196068
538588
526215
707437
796616
453307
652747
14867
727865
830086
946579
248673
705279
153772
846530
377962
709089
361100
769371
732243
310757
274275
287968
709042
363448
178070
604415
595600
391979
617507
327247
481640
419863
27379
579243
16355
835998
167382
257134
127445
75510
571961
407089
38190
885081
484670
924491
735868
279745
859430
300987
514138
577138
504646
817566
233630
271071
118019
580543
702440
851880
766593
174919
408645
874764
619122
459323
985882
626976
975494
821376
463466
302958
228655
801469
525338
109569
59423
139338
19485
564573
845941
929615
965358
204357
447689
312547
427908
129947
206766
394757
475265
136546
49867
165839
137722
713572
146166
797543
155675
118568
552483
104233
123395
988565
790212
588568
128426
868759
168943
983370
349961
396650
689462
312066
767935
35968
907161
94521
137186
441472
708
568435
417403
894814
104228
164202
279225
586973
913210
176415
528861
185364
168958
841930
905378
846985
882250
432968
446089
931387
779614
586713
129057
499042
597671
483194
742290
202414
865682
484687
176248
615773
847529
849708
986057
46616
450743
320738
90307
8031
43079
806451
103892
690681
15232
407632
568561
20724
326513
17512
991687
760130
973049
161239
334484
542660
23992
186189
277997
878009
541191
616026
53801
664730
115340
941195
258652
320222
601367
339062
62164
927389
795930
452029
867647
595758
310861
322335
19427
587292
606713
96503
444870
15582
751399
82530
659616
242355
483001
249832
367855
888176
625901
681361
635139
865295
430863
211551
578860
454631
678222
902597
890210
799684
919082
122955
412507
307370
418795
388881
935474
839941
401657
32102
764141
145376
79592
113639
203831
535801
397369
292121
896059
954821
777480
376906
739836
310076
692364
901856
904628
547125
632818
280073
147148
788192
305747
349652
530372
195138
775225
328190
896017
35306
928071
737675
543217
130880
760670
789907
562506
101911
949816
573052
699739
308136
290923
863226
390394
692849
467085
148270
752068
989852
45948
816338
435887
248137
339067
570506
84944
226307
291785
922823
870539
902439
351283
608717
74149
801852
975623
654917
747177
172656
229984
6931
425047
68181
622937
419219
122622
958654
515644
80521
300263
692567
344148
889548
945905
958635
414636
905647
920790
642302
781645
14579
896604
504654
73888
231927
225865
816766
791667
524585
744349
108513
558044
468779
14152
709392
451738
113125
946598
973426
788701
339866
19777
944689
902675
853872
719058
309245
365353
939058
680758
