372974
724101
319783
481709
209611
538252
956679
187875
179538
382734
54774
127290
106230
463708
616759
910610
308333
488593
9433
993426
700127
258505
578273
439945
915592
989910
607878
261644
93433
311675
553266
326868
913887
593313
955580
916150
231241
923425
790660
809746
55918
65979
293187
898149
474965
142132
578467
928089
891133
938341
42368
832895
916207
195354
137057
49724
983779
438754
453701
383575
653933
674211
783925
939129
239833
683948
378520
159983
245958
125669
533040
433221
365985
112929
211935
578632
210110
136612
713745
321478
600192
457685
843205
99331
397142
744032
709716
266847
80175
954298
78082
238958
160563
62125
657896
85536
366497
475853
330777
650076
406596
260469
452208
556788
771909
686082
301761
625864
785914
545227
37728
460081
534561
268479
153464
443286
700034
158817
532964
266717
936851
598531
670842
154532
986369
118596
805911
69051
117319
577661
606523
398601
127370
223144
998946
622562
917476
762697
593982
293967
323178
776524
415047
275060
245786
723955
739352
393327
655303
240324
196214
612048
314988
454593
397530
845756
99492
719930
61393
68393
601313
947365
104219
303788
256258
774527
468405
415157
815238
274330
509978
447156
820892
916429
298924
202388
426825
498616
155339
155619
844230
479427
721160
473525
400170
849663
954587
327146
767019
866470
962269
794329
148268
63472
630302
584701
465338
280280
24050
213420
665488
311445
714867
191526
332514
79632
111640
481128
41002
346434
725476
949617
506506
723443
920383
579617
608051
709944
141861
291507
652706
600430
1371
740155
236807
289904
539593
130019
496983
387115
982534
896357
174170
700267
940017
105926
884343
571155
471904
863237
1697
764978
560594
546891
340749
426996
875658
63556
762779
209456
422662
570959
468331
317431
156684
423014
30677
409620
891845
257907
893170
329386
768644
627264
18417
690036
317142
846064
961692
564457
429566
411850
270176
785896
241718
621571
973949
692627
218662
141641
595270
300722
584025
487271
162450
67092
707738
709279
567055
30673
113323
498011
754714
917282
34502
508498
428839
828940
318408
377984
640862
129667
514666
24045
620938
802871
491319
967731
440929
28447
694526
280957
6921
863527
629424
445380
673616
948880
506777
453222
403611
424459
723119
228332
645736
184978
659361
836667
494149
510154
186678
462890
95605
202051
413133
369248
932512
287465
597813
62108
402009
258568
824084
358430
511108
665339
635989
982807
739980
225869
338969
531854
425966
268534
286344
950209
24090
739278
467464
567987
858042
57259
814187
341428
620673
735945
579614
724747
266649
94617
304488
643666
426814
537393
910140
884997
745199
648974
283275
54581
418215
118418
932018
237901
673352
326996
39605
439296
647207
845273
445686
40341
859277
429571
640754
655578
147735
220149
654799
649809
18884
868940
658372
350541
907176
670604
639804
494145
413307
458392
499852
115454
37759
775130
591292
384623
661165
389531
380934
508690
109495
818372
836751
591281
266285
142710
30879
715542
621634
246537
948631
68539
925503
777350
101416
363218
814469
338420
360855
736241
787814
352626
782681
347481
364212
143436
865655
124858
605278
324640
513893
344985
637836
157627
648156
444950
130679
223205
402300
630990
660209
43869
343888
762096
996235
457262
437513
641504
734588
973476
527936
324598
41257
900606
416954
915567
594704
322471
143540
457537
328310
276733
787501
340345
278221
484952
543796
497499
207510
470821
685223
178975
65947
343563
376170
154292
312917
494626
256931
948683
574768
37611
517049
773465
23869
968203
738393
164781
682615
246937
222297
148061
446220
144676
489039
199479
709779
837221
440909
786984
638428
956943
704782
836444
456221
325821
973328
882462
935913
781632
82313
319941
477074
790873
374271
991005
987225
636526
99946
523467
872211
258200
966083
42117
519733
103229
635541
615658
720674
473697
273186
799211
962356
102349
897518
726949
140566
417000
370949
468874
579373
781397
159347
787350
741977
770710
464333
132330
109029
832683
701287
826104
720832
637892
924973
911625
280695
695416
742623
515286
229623
382882
651141
60239
980050
665621
168894
633296
72253
836551
854558
539918
595327
500394
865097
39272
45809
334812
33615
408135
31724
295822
762482
990722
121924
994249
223240
879669
637867
563771
637225
509122
381924
3844
197804
463652
640607
383831
580637
173583
145089
283190
979499
138164
675979
360733
439594
708590
142815
727524
848867
926845
646672
570054
919282
87865
520596
731396
675173
153168
389944
507708
346463
182589
756297
635291
783131
482725
868785
773376
685286
996031
196486
338045
983191
785136
166487
106860
145348
289985
95439
322494
830147
74740
558475
162162
91175
923710
314058
544201
808147
129283
117988
668830
744465
370721
628427
852069
503006
50826
337254
492425
553394
136420
682592
531291
19491
824415
807626
463562
874895
544754
900816
346940
128049
63387
777535
152320
939312
943877
837650
547923
526204
995598
997120
500455
266647
970917
888690
651362
873951
606596
761304
425066
489420
11925
934766
322920
157592
438588
719519
942913
137707
725378
127507
57142
626735
545267
589519
992753
816875
739483
164143
667161
208095
561474
297673
826868
317377
892801
552313
542308
794446
922205
498755
27355
389589
774131
885215
689535
693913
193873
44221
670634
950188
187880
309295
729434
148055
501676
43345
666401
279963
752109
131141
379725
909171
364208
255476
851970
558915
455958
563975
314987
585952
386306
68537
309711
523484
358029
637202
960060
246348
376826
425228
249447
992762
975150
253192
441616
62655
758480
361680
754819
848826
201565
906478
205587
713008
291956
669000
226073
597145
85909
644482
575095
428919
185002
518760
894084
204475
190854
729686
154557
117769
231412
155445
739201
189454
642732
376784
876647
235610
722358
547116
771867
403150
9808
433553
275365
355608
750134
818142
57889
622981
53174
484703
343923
713168
673688
945450
339298
276761
842426
408941
44851
28050
890569
88534
298843
198827
544376
704075
434093
688261
303343
315814
479253
896787
257609
869962
573173
41670
148568
490607
111213
153622
552379
34005
183224
393653
747748
334316
596280
486327
215038
438441
812526
737033
480883
594476
833824
462480
640015
994105
589165
461273
860013
612512
298688
885802
991337
254763
989535
370773
539546
371888
464894
885587
736393
681276
237432
547330
103467
813243
215472
504577
323898
674559
716522
642423
734148
334439
464309
194254
891570
348814
665391
751668
525418
229426
989209
89587
353076
21562
976738
383307
332997
140555
674783
557200
80176
590800
654623
829077
134872
950499
84464
220507
383624
808210
951507
464275
290969
7147
338687
334802
172586
404716
940281
223547
361418
805800
266146
996798
369075
239537
962939
161714
882835
133247
748018
122961
308648
651594
397451
66908
323645
376224
522611
66700
440108
300329
547510
724394
402518
551541
722100
175967
629532
283669
909585
641558
67171
968421
281695
553004
227498
112440
158972
513036
810591
672976
914342
514916
70694
211139
377851
985257
987812
