2009
3243
3395
3845
4363
4474
6332
10490
10978
12788
12825
13669
14371
15175
16611
18268
19386
19893
20066
20115
20476
21588
22412
22668
22817
22876
23900
24149
24172
28349
29997
30085
30882
32066
33177
34396
35611
37234
37466
38369
39814
40814
41670
41673
42153
44447
44497
44791
45117
45678
48444
50772
51349
52231
57501
57640
58146
58528
58601
59934
60161
60269
60270
61242
61679
63090
64009
66723
66792
67015
67797
68068
68343
68897
68978
69008
70705
71339
72092
72385
73931
75712
75981
76014
77313
78004
78438
79797
80604
81201
81391
81616
84055
84977
85057
88577
91237
92986
93028
93216
93453
93462
96201
100109
101844
103523
103651
105231
108761
109610
110123
110945
113667
114867
115354
116581
116713
117578
117663
117685
120071
121495
122242
122266
123616
123967
125927
125940
126000
126622
126707
126982
127172
127311
128027
130265
133083
133983
134258
136036
137778
139290
139730
140171
140253
142827
143020
143079
143097
144829
145517
145907
148462
149412
150258
150925
151052
153393
153853
153978
156371
157587
158578
158696
159285
161675
161724
165508
166501
166977
167417
171744
173242
173433
173749
174708
174961
176454
177676
178251
179613
182419
182851
183040
185160
187647
188189
188191
190952
191473
193292
193444
193484
194365
195582
195955
196691
197734
198986
204310
204533
205334
205556
205864
207450
207622
208040
208822
209866
209892
210049
211085
212101
212196
212241
213535
214408
215434
215841
217414
217756
219175
220752
221255
222186
223002
224096
227007
227228
227485
227502
227641
229156
229625
230279
230539
230770
230928
231689
233232
233427
233863
234300
234773
236082
236374
236728
237995
238587
243472
244214
244265
245713
246540
248302
248627
249028
250606
250751
250841
252689
253789
255146
256298
256656
257490
258094
258683
259826
259870
260903
261054
261149
261495
262246
262548
262809
263372
263555
264414
264557
266314
267418
268344
269104
269311
270207
270589
270672
274045
275774
275848
276094
276252
280473
281053
281472
281724
283475
283676
285182
286240
286752
287323
287327
287806
290353
291520
295218
296153
296904
297142
297329
297343
297854
298208
300487
301196
301366
302267
303822
305804
306067
307131
307687
308942
310226
310490
310614
310897
312306
313928
314133
317353
318783
319210
319789
320289
322185
323270
324211
324614
328955
331270
331407
334177
334873
334931
335037
336691
338321
339211
339213
341914
345644
346004
346528
349351
350329
351092
351232
352776
353220
353906
353930
354666
354751
360432
360985
361850
363456
364123
364879
364901
365495
365638
365685
368565
369921
372286
373213
374060
374464
374620
375251
375309
377112
377392
377446
379586
379765
381402
382081
383148
383977
385120
385619
386296
387023
387088
387795
388732
388934
390233
390298
393079
393761
394534
395964
396277
396445
397579
397618
401374
402563
403708
406087
406211
408757
412175
412722
413837
414129
414499
415647
415795
418738
418943
419443
420295
421743
423803
424334
424964
425636
426728
428207
429559
429883
430439
433645
434214
434581
434872
435719
435991
436404
437106
437627
441358
441639
442701
443690
444100
444340
446254
446306
447986
448189
448625
450861
452781
453692
459198
459505
461292
461939
463280
464147
465175
465730
466501
467202
469207
469255
471760
473380
473598
473773
474535
476394
477760
477854
479100
479266
479855
484133
485218
485466
486240
487001
487197
487940
488080
488283
488596
488807
489041
490880
491455
493202
493372
493759
494653
494865
495321
497690
497972
499240
501051
501141
502059
502330
502355
503637
503716
504664
505103
505973
508311
508644
509072
510565
510913
513299
513328
514418
515398
516170
516229
517127
517279
517463
517803
518732
518933
519366
519680
520728
521071
521671
522035
523943
526349
526887
527379
527958
529732
530403
531015
531085
531766
532020
532948
533216
534635
535187
535795
536745
538145
540486
540772
542320
542884
544709
546093
547151
549803
549864
551137
551714
552030
554718
555805
556210
556321
556487
557868
558831
559117
561962
562087
563476
563946
564671
565456
565744
565964
566741
566896
568441
573376
574634
574773
575501
576221
577156
578264
580965
581995
582831
584331
584787
585086
585274
585502
587214
587475
588569
589976
590168
590901
591024
592633
592914
594810
595062
595545
596835
598468
598855
599461
599742
600795
601808
603033
603270
605934
606048
606202
607612
608639
609640
609953
610825
611395
612706
614700
614898
619395
620455
621373
621416
622629
625328
625987
626100
626122
628132
628448
629664
631347
631455
632285
633956
635321
635520
636141
636184
636257
636304
636695
637310
638824
639023
639285
644069
645090
645114
647137
648159
649310
649488
649902
650469
650979
655077
655444
656162
658086
658666
664040
664771
664963
667389
667434
667682
667730
669885
670133
672060
672151
672410
672828
672922
674234
675257
675364
676249
676728
676949
677010
677236
677312
677342
679347
679773
680180
680532
683478
683921
684846
689017
689833
690082
690361
692777
693790
694950
695221
696485
697254
697840
698185
698458
698547
701668
701909
702099
703422
704000
707176
708070
708196
708796
709013
709655
711076
713757
713875
716083
716187
716433
717235
722199
724238
726698
726715
727381
728644
730219
733084
733685
734088
735089
739338
740066
740281
740550
740799
741200
742248
742432
743241
743872
746194
746201
746903
746987
748173
748316
749280
751830
751866
753792
753797
754726
756870
758399
760464
765986
766386
766757
768497
768816
769043
770008
770712
772065
772407
776423
777103
779125
779803
779812
779977
780826
781028
784406
784727
784841
785083
785647
786592
791332
791812
793378
794884
797285
799017
799345
799593
800613
801853
803494
804150
806179
807832
810272
811265
812348
813010
813859
814161
815772
816724
818014
818459
821701
821921
821946
822180
822882
823173
823574
824568
827300
827406
827431
827790
828063
828629
828864
829063
829820
831155
833653
833810
835351
836982
837148
837304
837388
837527
840053
840062
840171
842189
843147
843318
847915
849013
850131
850450
851553
853013
853186
854951
855513
855514
855841
859582
861646
862398
862450
862601
863017
864003
864097
864512
866017
866337
866976
867186
867342
869244
869319
869941
875826
876237
876513
876596
877006
877509
877611
878801
879971
880429
880893
881452
882828
885036
885363
886516
886528
887000
888098
888201
890276
890638
891999
892121
892815
893120
893388
893492
894011
894819
895440
896219
896261
896337
896465
897950
898724
898772
899123
899268
899744
904837
905265
905885
906709
907309
907555
909840
910140
912899
913968
914259
914994
915099
916385
916473
917471
918995
919542
920696
922034
923021
923198
925036
925191
925259
926877
928216
928306
928380
932663
933404
933665
933939
934352
936907
939978
940392
940988
942635
945633
946413
949653
949826
951658
956607
957382
962567
962967
963413
965921
965935
968560
968796
968807
971867
974006
974539
979697
980691
981422
985631
986207
987108
990524
990948
994605
995382
995793
996685
997674
998844
