69
281
295
352
374
511
620
621
705
908
919
1200
1333
1462
1547
1562
1675
1837
1904
2377
2378
2400
2928
2954
2963
3079
3172
3211
3310
3386
3585
3588
3829
3918
3925
4099
4150
4203
4317
4334
4353
4370
4799
4815
4832
5152
5348
5439
5474
5497
5610
5691
5764
6167
6401
6443
6529
6571
6645
6730
6798
6944
6953
7145
7180
7191
7231
7258
7317
7363
7469
7501
7760
7874
7984
8201
8269
8311
8651
8843
8882
9019
9032
9162
9488
9607
9631
9663
9784
9888
9894
10072
10115
10226
10301
10320
10324
10418
10485
10621
10645
10692
10781
10850
10904
11163
11167
11251
11419
11523
11538
11545
11547
11557
11605
11702
11936
12259
12357
12418
12480
12529
12587
12730
12853
12876
12895
13027
13092
13165
13291
13305
13460
13624
13644
13859
14022
14096
14165
14220
14402
14482
14495
14596
14758
14785
14876
15073
15077
15105
15186
15239
15479
15515
15800
15873
16237
16247
16290
16454
16497
16498
16698
16723
16782
17032
17203
17361
17380
17573
17581
17602
17855
17916
17919
18123
18125
18475
18529
18560
18570
18648
18773
18856
18896
18912
18945
19126
19289
19298
19330
19348
19423
19515
19624
19684
19788
19809
20060
20168
20201
20247
20299
20384
20805
21011
21114
21215
21254
21457
21460
21739
22046
22120
22262
22451
22467
22531
22553
22590
22614
22776
22897
23239
23256
23382
23479
23532
23591
23711
23771
23909
24206
24236
24371
24372
24511
24711
24799
24866
24900
25084
25693
25841
25905
25917
26071
26355
26573
26656
26661
26728
26735
26846
26940
27000
27060
27076
27102
27274
27527
27614
27726
28029
28194
28284
28291
28344
28385
28389
28400
28442
28523
28646
28670
28694
28701
28723
28729
28756
28918
29055
29222
29432
29445
29530
29573
29888
29918
29929
30006
30251
30257
30272
30462
30516
30560
30618
30667
30749
30778
30788
30833
30871
30878
30927
31287
31305
31362
31524
31686
31746
31747
32268
32317
32409
32413
32515
32601
32803
32856
32941
33045
33060
33388
33557
33747
33769
33776
33781
33869
33985
34077
34086
34169
34228
34241
34284
34308
34435
34582
34716
34771
35069
35352
35354
35447
35488
35643
36179
36261
36462
36469
36505
36722
36737
36807
36824
36841
36853
36968
37013
37042
37085
37252
37335
37457
37509
37600
37772
37884
37888
37934
38055
38143
38171
38187
38194
38284
38368
38378
38412
38623
38665
38753
38851
38951
38968
39085
39386
39498
39594
39622
39760
39880
40026
40247
40259
40312
40517
40520
40693
40779
40798
40940
41153
41408
41440
41529
41559
41666
41694
41726
41736
41766
41782
41810
42012
42131
42192
42424
42467
42601
42764
42791
42815
42851
42915
42989
43108
43191
43211
43217
43302
43312
43368
43688
43783
43845
43886
44042
44211
44221
44234
44342
44573
44653
44674
44693
44805
44912
44978
45042
45130
45134
45206
45408
45416
45475
45498
45536
45598
45774
45863
45910
45962
46008
46060
46087
46178
46249
46383
46507
46508
46519
46738
46895
46899
46930
47147
47211
47245
47279
47302
47507
47625
47740
47786
47838
47913
47939
48033
48072
48301
48548
48597
48637
48722
48764
48853
48859
49043
49359
49616
49858
49859
49886
50118
50167
50202
50269
50439
50503
50517
50722
50997
51021
51097
51259
51359
51578
51610
51623
51833
51864
51991
52394
52479
52553
52702
52790
52809
52849
52864
53049
53213
53241
53261
53341
53454
53610
53669
53708
53796
53895
54111
54131
54182
54317
54354
54388
54436
54458
54471
54576
54633
55048
55103
55220
55230
55289
55556
55645
55818
55837
56191
56304
56381
56765
56783
56848
56914
56944
56999
57005
57081
57253
57322
57423
57466
57497
57583
57794
57872
57969
58216
58464
58488
58496
58686
58801
58946
58965
59072
59149
59155
59159
59239
59261
59495
59605
59775
59792
59875
60055
60260
60265
60456
60681
60747
61084
61123
61203
61248
61257
61305
61512
61671
61836
61871
61978
62078
62100
62149
62343
62404
62541
62544
62662
62700
62776
63028
63279
63355
63447
63473
63513
63686
63736
63779
63828
63957
64065
64088
64093
64100
64143
64278
64352
64358
64380
64453
64517
64658
64721
64849
65207
65600
65735
66039
66289
66322
66437
66446
66459
66554
66586
66591
66900
67004
67044
67139
67404
67632
67641
67721
67741
67762
67846
67852
67858
67884
67971
68027
68042
68067
68147
68280
68302
68624
68664
68666
68699
68734
68942
68980
69029
69069
69086
69164
69308
69324
69342
69886
70032
70269
70447
70529
70629
70690
70701
70713
71163
71367
71517
71589
71928
72142
72220
72472
72474
72539
72582
72584
72775
72879
72896
72949
73097
73131
73444
73697
73718
73800
73814
73962
74066
74088
74219
74427
74531
74579
74589
74649
74762
74766
74838
74969
75130
75414
75474
75506
75556
75778
75885
75925
76030
76046
76263
76354
76411
76427
76506
76525
76823
76954
76986
76997
77089
77092
77157
77182
77248
77375
77419
77540
77571
77618
77755
77797
77976
78031
78141
78333
78430
78627
78951
79229
79358
79377
79465
79546
80072
80297
80322
80419
80488
80606
80710
80871
80929
81002
81042
81089
81095
81464
81525
81792
81911
81997
82041
82102
82187
82242
82515
82537
82601
82714
82724
82744
82784
82891
82895
82914
82918
82941
83172
83317
83658
83721
83725
83903
83968
84085
84339
84351
84742
84898
85050
85419
85432
85460
85531
85555
85676
85783
85843
86028
86062
86206
86277
86388
86473
86608
86734
86783
86813
86827
86893
86936
87107
87314
87411
87656
87702
87737
88217
88263
88399
88409
88489
88491
88538
88568
88882
88966
89037
89097
89129
89160
89164
89513
89659
89971
90338
90377
90547
90668
90856
90964
91032
91095
91121
91372
91380
91434
91476
91483
91705
91898
91931
92098
92170
92327
92331
92436
92515
92535
92596
92660
92857
92950
93158
93176
93195
93275
93433
93533
93623
93663
93826
94009
94086
94143
94235
94241
94249
94254
94285
94381
94567
94623
94766
94803
94868
94917
94985
95223
95282
95336
95655
95668
95691
96240
96281
96322
96367
96371
96521
96565
96597
96698
96796
96867
97531
97589
97638
97999
98000
98097
98222
98617
98637
98826
98881
99051
99078
99171
99415
99425
99434
99585
99753
99756
99948
99961
99962
100130
100309
100414
100483
100491
100598
100646
100689
101072
101180
101193
101518
101541
101586
101689
101690
101893
102024
102133
102353
102357
102661
102774
102813
102935
103160
103431
103588
103923
103994
104056
104101
104204
104370
104401
104746
104851
105044
105133
105153
105479
105556
105627
105713
105719
105746
105753
106132
106191
106194
106239
106339
106404
106423
106436
106437
106470
106515
106538
106741
106804
106836
106856
106922
106938
107021
107033
107182
107260
107272
107718
107757
107777
107935
108217
108349
108432
108474
108540
108685
108744
108746
108804
108828
108842
108929
109013
109147
109206
109259
109277
109294
109323
109464
109475
109632
109662
109825
109842
109897
109970
110001
110321
110328
110339
110346
110396
110445
110864
110928
111067
111125
111190
111255
111275
111330
111446
111553
111583
111635
111673
111690
111747
111750
111794
111810
111830
111834
111895
111975
112010
112021
112192
112278
112338
112347
112667
112995
113065
113074
113157
113246
113481
113506
113565
113719
113767
113846
113902
113904
113911
113923
114023
114037
114094
114110
114394
114458
114475
114565
114975
115047
115245
115481
115508
115537
115691
115943
115954
116164
116230
116305
116484
116486
116655
116730
116766
116785
116813
116889
116895
116953
116968
117046
117193
117237
117364
117451
117471
117701
117755
118035
118203
118341
118425
118519
118555
118558
118569
118586
118634
118661
118710
118747
119051
119241
119259
119275
119300
119342
120098
120281
120436
120483
120670
120903
120976
121040
121097
121173
121188
121244
121502
121544
121579
121603
121714
121851
121869
121882
121915
122030
122076
122087
122201
122750
123018
123295
123366
123506
123611
123708
123728
123932
124056
124082
124167
124228
124437
124899
124915
124949
125147
125151
125273
125304
125328
125395
125633
125696
125742
125834
125871
126075
126259
126653
126694
126723
126725
126868
127040
127100
127117
127124
127229
127279
127408
127453
127638
127741
128249
128407
128461
128552
128718
128751
128922
129096
129128
129223
129384
129434
129740
129825
130000
130017
130182
130276
130430
130466
130481
130554
130661
130695
130719
130734
130831
131120
131240
131253
131366
131394
131849
131875
131953
132149
132253
132330
132383
132395
132415
132420
132428
132621
132632
132731
132885
133260
133359
133384
133409
133469
133534
133639
133686
133983
134005
134049
134058
134120
134165
134200
134210
134363
134366
134457
134528
134550
134570
134737
134811
134831
135030
135085
135246
135274
135317
135392
135664
135957
135963
136125
136432
136453
136468
136472
136504
136630
136694
136714
136824
137045
137092
137351
137481
137539
137772
137862
137885
137907
137971
138159
138294
138356
138398
138924
139066
139081
139120
139140
139248
139381
139417
139443
139521
139629
139904
140018
140117
140205
140331
140404
140448
140575
140766
140816
140853
140964
141007
141121
141195
141233
141357
141475
141483
141485
141491
141573
141737
141835
141884
141920
141963
142064
142082
142238
142275
142289
142341
142393
142439
142469
142651
142960
142971
143012
143029
143044
143050
143082
143404
143503
143504
143730
143852
143990
144300
144321
144524
144656
144876
144997
145056
145186
145217
145246
145381
145420
145426
145491
145692
145755
145817
145828
146069
146111
146281
146345
146405
146485
146489
146741
146800
147250
147427
147570
147755
147872
147887
147922
147930
147947
148024
148127
148223
148259
148324
148332
148468
148480
148746
148811
148818
148929
148941
148961
149026
149032
149059
149232
149392
149448
149467
149572
149578
149833
149835
149840
149902
150013
150126
150681
150784
150827
151029
151065
151282
151307
151354
151449
151554
151622
151653
151760
151814
152024
152031
152162
152222
152260
152307
152329
152396
152500
152510
152525
152611
152718
152728
152762
152970
153068
153127
153181
153283
153318
153357
153435
153558
153577
153748
153757
153900
154468
154523
154570
154779
154830
154935
155042
155078
155252
155273
155293
155531
155584
155588
155689
155742
155820
155824
155835
156088
156113
156298
156440
156603
156708
156834
156918
156932
157069
157082
157112
157130
157133
157251
157385
157396
157402
157428
157590
157811
157819
158093
158366
158462
158582
158833
158846
158981
159051
159059
159105
159110
159154
159363
159585
159631
159640
159788
160007
160049
160077
160227
160309
160645
160859
161009
161085
161159
161192
161253
161295
161504
161693
161724
161776
161781
161836
161846
161932
161937
162196
162391
162419
162425
162475
162700
162748
162838
162999
163037
163322
163501
163531
163581
163623
163787
163824
164071
164308
164334
164338
164587
164675
164767
164828
164876
164941
165128
165143
165268
165288
165399
165492
165671
165710
165804
165824
165927
166002
166123
166386
166655
166676
166806
166902
167028
167032
167051
167097
167118
167281
167422
167616
167681
167799
168015
168193
168270
168651
168662
168679
168684
168865
169069
169127
169283
169426
169520
169568
169711
169829
170127
170237
170350
170388
170497
170509
170537
170595
170966
171365
171583
171635
171637
171683
171767
171916
171926
171942
172131
172269
172311
172357
172436
172474
172494
172557
172599
172673
172711
172766
172864
172919
173163
173219
173293
173329
173448
173718
173732
173887
174072
174081
174111
174123
174144
174214
174258
174349
174357
174375
174388
174399
174502
174668
174785
174812
174853
174856
174919
175029
175061
175134
175143
175205
175294
175380
175449
175496
175595
175757
175829
175910
175956
176200
176240
176298
176351
176401
176629
176856
177231
177371
177395
177406
177618
177744
177745
177812
177864
177906
178174
178277
178397
178412
178418
178576
178588
178770
178921
178934
178942
178978
179080
179125
179132
179146
179176
179198
179293
179369
179428
179757
179842
179870
179896
179937
179978
180561
180565
180785
180890
181016
181024
181136
181418
181448
181462
181506
181520
181696
181722
181822
182002
182003
182149
182227
182234
182339
182426
182497
182594
182765
182781
183023
183055
183223
183370
183415
183553
183827
183871
183981
184002
184021
184061
184165
184183
184219
184548
184657
184751
184953
184983
185120
185121
185142
185513
185558
185580
185639
185643
185690
185698
185787
185891
185979
186267
186515
186557
186640
186661
186945
186981
187001
187130
187316
187372
187639
187643
188013
188038
188192
188210
188311
188451
188580
188621
188629
188672
188737
188951
188969
188995
189067
189361
189433
189475
189502
189557
189578
189617
189627
189643
189696
189733
189796
189949
189991
190138
190354
190437
190468
190592
190638
190697
190759
190793
190847
191025
191082
191091
191177
191203
191211
191291
191418
191448
191526
191984
191989
192003
192005
192011
192074
192082
192223
192260
192264
192306
192404
192430
192435
192518
192527
192545
193081
193104
193181
193289
193294
193319
193372
193419
193658
193712
193783
193887
193990
194007
194083
194144
194157
194234
194259
194286
194326
194412
194604
194763
194918
194996
195004
195066
195103
195147
195165
195213
195323
195454
195520
195555
195750
195797
195808
195812
195850
196568
196750
196838
196917
196931
197068
197289
197383
197432
197855
197982
197984
197994
198011
198096
198275
198419
198472
198477
198782
198871
199070
199268
199436
199477
199669
200060
200086
200200
200463
200470
200676
200923
201033
201058
201175
201198
201274
201469
201524
201545
201625
201825
201919
201961
202000
202008
202556
202641
202777
202780
202839
202846
202904
202935
203037
203063
203092
203223
203316
203375
203465
203481
203531
203582
203677
203718
203725
203836
203910
204122
204250
204326
204369
204622
204830
204855
204896
204996
205049
205305
205463
205498
205572
205651
205701
205789
205836
205948
206061
206078
206388
206468
206510
206527
206691
206916
206966
207052
207152
207237
207266
207378
207611
207863
207891
207910
208044
208095
208163
208226
208288
208334
208585
208682
208852
208896
209039
209149
209158
209203
209211
209509
209551
209562
209721
209829
209834
209939
210130
210242
210253
210350
210438
210580
210680
210701
210826
210936
210994
211009
211040
211054
211350
211443
211639
211690
211777
211898
211969
211984
212267
212289
212319
212392
212614
213064
213237
213442
213444
213538
213616
213700
213758
213769
213775
213800
214011
214059
214237
214262
214334
214382
214416
214472
214592
214594
214632
214722
214879
215033
215104
215367
215666
215670
215690
215833
215838
215895
216214
216354
216598
216651
216658
216700
216788
216790
216896
217143
217316
217354
217376
217392
217537
217768
217904
218037
218214
218269
218317
218371
218508
218671
218726
218877
218946
219133
219149
219270
219483
219522
219649
219829
220052
220181
220331
220379
220674
220776
220833
220877
220894
221135
221325
221412
221525
221596
221623
221624
221741
221929
222086
222191
222198
222331
222344
222564
222592
222614
222652
222792
223003
223007
223091
223336
223382
223412
223666
223695
223759
223836
223862
223947
224147
224150
224189
224514
224521
224523
224553
224615
224626
224643
224741
224803
225049
225145
225212
225405
225429
225664
225760
225816
225870
225891
226070
226101
226114
226255
226325
226380
226396
226505
226586
227088
227163
227320
227413
227526
227628
227630
227679
227700
227956
228035
228142
228350
228517
228564
228723
228818
228917
228932
228934
229235
229339
229507
229586
229672
229774
230059
230075
230080
230106
230138
230245
230352
230516
230596
230603
230640
230651
230814
230816
230875
230923
230932
230955
231131
231216
231292
231351
231421
231447
231465
231476
231720
231778
231818
232024
232173
232181
232193
232362
232534
232536
232981
233027
233154
233353
233641
233719
234041
234079
234185
234254
234369
234679
234705
234718
234756
234925
235054
235112
235208
235352
235435
235464
235470
235573
235662
235758
235772
235878
235939
236046
236069
236090
236272
236446
236511
236544
236634
236661
236664
236720
236750
236903
236941
237057
237067
237145
237201
237307
237345
237426
237479
237491
237530
237651
237676
237683
237786
237882
237951
237998
238045
238282
238480
238486
238497
238574
238653
238776
238890
238997
239117
239171
239182
239229
239276
239317
239473
239541
239621
239625
239747
239756
239797
239898
239972
240151
240186
240342
240354
240387
240476
240509
240536
240537
240666
240745
240812
240985
241068
241144
241170
241445
241508
241612
241633
241659
242014
242279
242482
242497
242732
242804
242835
242848
242900
242932
242961
243483
243610
243689
243767
243808
243878
243976
244035
244070
244118
244169
244327
244668
244863
244898
244978
244995
245447
245450
245531
245598
245609
245706
245714
245793
246028
246164
246268
246310
246431
246485
246660
246901
246903
246905
246989
247191
247194
247268
247442
247542
247545
247546
247614
247680
247785
247868
247869
248031
248064
248128
248235
248248
248378
248396
248593
248701
248727
248886
249146
249323
249338
249422
249767
249782
249850
249924
249998
250060
250072
250187
250364
250402
250445
250537
250538
250557
250654
250676
250783
250787
250788
250855
250876
250927
250933
250971
251038
251093
251216
251345
251546
252024
252141
252167
252199
252274
252308
252379
252386
252433
252568
252804
252924
253048
253232
253234
253328
253396
253522
253613
253812
253898
253925
253990
254047
254272
254605
254703
254715
254840
255138
255417
255587
255799
255877
255918
256075
256148
256277
256373
256376
256385
256555
256663
256708
256899
257026
257053
257082
257148
257202
257477
257591
257658
257663
257685
257711
257833
257891
258092
258181
258461
258725
258741
258760
258963
258985
259106
259113
259283
259332
259370
259500
259553
259583
259807
259934
260097
260161
260232
260414
260472
260627
260678
260736
260818
260827
260877
260961
261177
261214
261282
262046
262223
262252
262439
262549
262582
262688
262872
262909
263018
263041
263059
263204
263384
263393
263398
263427
263602
263606
263647
263681
263695
264117
264190
264287
264310
264311
264339
264369
264395
264463
264558
264672
264841
264929
264941
264976
265208
265215
265250
265293
265325
265386
265512
265514
265676
265788
266074
266160
266509
266547
266602
266604
266624
266646
266890
266945
267355
267505
267699
267795
267881
267979
268010
268264
268365
268391
268521
268746
268754
268822
269129
269140
269226
269285
269310
269340
269344
269807
270147
270168
270680
270729
270771
270780
271029
271184
271229
271318
271338
271371
271389
271498
271598
271669
271698
271748
272006
272027
272157
272202
272406
272423
272556
272574
272582
272659
273012
273102
273123
273277
273548
273577
273595
273727
273750
273802
273915
273993
274141
274239
274446
274458
274483
274616
274690
274717
274778
274940
275031
275150
275210
275288
275334
275690
275826
275833
275867
276011
276083
276131
276153
276156
276161
276191
276194
276263
276264
276328
276453
276509
276655
276687
276757
276765
276813
276939
277130
277343
277396
277637
277639
277735
277788
277791
277867
277868
277873
278001
278089
278116
278388
278442
278461
278520
278617
278673
278713
278864
278903
279055
279123
279208
279406
279556
279731
279876
280256
280302
280347
280657
280860
280935
280945
281051
281089
281094
281212
281356
281387
281430
281522
281609
281787
281792
281848
281926
281996
282026
282051
282104
282155
282182
282302
282347
282348
282464
282492
282667
282696
282740
282911
283115
283236
283256
283285
283558
283709
283740
283863
283880
284015
284174
284194
284281
284297
284364
284660
284690
284951
285186
285215
285285
285392
285619
285733
285771
285861
285992
286035
286091
286112
286445
286474
286543
286693
286739
286761
286847
286958
287034
287144
287339
287413
287570
287850
287973
288046
288367
288391
288447
288501
288707
288812
288924
288949
289154
289199
289218
289237
289275
289445
289665
289675
289775
289821
289929
290045
290222
290372
290450
290584
290641
290681
290774
291039
291055
291065
291075
291218
291227
291390
291529
291554
291649
291750
291789
291848
291865
291891
292069
292111
292160
292340
292345
292358
292475
292532
292734
292808
292810
292844
293081
293088
293149
293196
293216
293286
293411
293438
293496
293531
293549
293831
293900
293916
294007
294249
294269
294276
294285
294350
294445
294482
294850
294949
295017
295072
295234
295250
295295
295302
295386
295429
295604
295798
295817
295899
295937
296115
296146
296419
296497
296528
296535
296675
296706
296810
296811
296886
296919
297118
297170
297224
297259
297412
297577
297759
297800
297818
297853
298066
298093
298163
298378
298604
298939
299276
299354
299380
299667
299812
299960
300102
300131
300218
300279
300394
300468
300470
300496
300566
300806
300844
300846
300920
300971
301041
301076
301090
301171
301270
301404
301442
301456
301545
301612
301753
301846
301958
302080
302584
302742
302762
302836
303034
303506
303534
303573
303590
303631
303762
303776
303784
303917
303988
304016
304018
304144
304308
304418
304503
304663
304923
304943
304979
305154
305178
305271
305301
305309
305322
305473
305586
305646
305699
305717
305789
305804
306161
306184
306315
306377
306498
306644
306739
306747
306790
306872
306883
306891
307156
307206
307354
307409
307625
307685
307702
307835
307864
307896
307917
307961
308075
308095
308115
308209
308437
308481
308499
308926
308967
309415
309860
309926
310084
310226
310249
310634
310692
310932
311096
311174
311457
311589
311615
311871
311979
312053
312147
312157
312331
312349
312559
312696
312771
312905
313248
313257
313320
313371
313404
313435
313455
313596
313599
313612
313800
313870
313921
314049
314108
314109
314129
314198
314212
314287
314347
314479
314557
314670
314710
314741
314859
315119
315146
315206
315384
315580
315617
315980
316133
316304
316437
316464
316485
316693
316694
316850
316866
316943
317014
317049
317090
317250
317278
317305
317321
317326
317387
317430
317630
317857
317904
317974
318117
318378
318479
318710
318745
318759
318837
319003
319108
319123
319284
319361
319363
319481
319484
319575
319696
319798
319862
319900
320059
320081
320465
320668
320791
320798
320844
320902
320931
320952
321009
321138
321148
321197
321279
321312
321324
321460
321696
321787
321849
321859
322054
322167
322240
322397
322462
322646
322655
322730
322769
322806
322935
322940
322978
323202
323250
323359
323464
323507
323553
323697
323737
323802
323885
323996
323998
324128
324187
324610
324614
324693
324894
325201
325256
325381
325514
325542
325546
325880
325886
325930
325993
326103
326334
326345
326448
326602
326676
326707
326735
326763
326829
326884
326948
326999
327034
327083
327402
327474
327688
327838
327861
327977
327987
328036
328056
328167
328269
328406
328674
328733
328916
328927
329072
329136
329146
329167
329568
329753
329781
329966
329999
330090
330091
330143
330632
330697
330899
330936
331000
331039
331121
331161
331178
331372
331466
331474
331586
331653
331660
331754
331838
331842
331985
332015
332055
332259
332316
332367
332453
332587
332650
332914
332991
333345
333777
333808
333845
333971
334013
334040
334083
334111
334139
334177
334196
334212
334303
334676
334698
334766
334770
334818
334921
334929
335103
335194
335195
335330
335398
335433
335542
335556
335728
335915
336028
336047
336328
336368
336381
336393
336612
336702
336717
336802
336812
336927
337008
337067
337568
337883
337955
337963
337981
338090
338170
338490
338518
338601
338655
338690
338818
338914
339038
339195
339205
339218
339229
339381
339393
339445
339670
339672
339759
339766
339777
339830
339853
339929
339971
340426
340511
340545
340583
340588
340591
340695
340782
340992
341010
341163
341314
341405
341636
341716
341808
341941
341968
342111
342131
342354
342364
342576
342755
342764
342971
343062
343264
343382
343503
343521
343766
343904
343924
344152
344246
344344
344491
344499
344525
344672
344691
344696
344887
344969
345045
345195
345257
345324
345325
345333
345599
345629
345683
345769
345814
346203
346219
346390
346509
346635
346706
346753
346779
347009
347082
347159
347266
347431
347509
347545
347601
347723
347739
347959
348037
348051
348073
348139
348423
348636
348928
349054
349066
349088
349159
349241
349284
349607
349631
349767
349870
350155
350269
350305
350310
350524
350611
350687
350760
350921
351038
351041
351207
351311
351352
351489
351814
351924
351926
351939
351990
352071
352127
352141
352206
352225
352253
352303
352328
352381
352615
352779
352976
353133
353169
353211
353280
353634
353849
354003
354158
354255
354384
354487
354680
354727
354784
354888
354895
355188
355475
355883
355906
356136
356463
356599
356649
356955
357017
357103
357162
357206
357332
357577
357593
357802
357963
357988
358160
358307
358667
358689
358750
358855
358935
359116
359185
359245
359403
359445
359657
359758
359981
360018
360137
360181
360245
360251
360319
360393
360528
360602
360660
360711
360741
360762
360935
361131
361197
361203
361223
361354
361441
361581
361762
362000
362117
362175
362307
362314
362361
362502
362534
362603
362632
362688
362799
362881
363019
363074
363275
363312
363402
363440
363467
363482
363592
363959
364239
364244
364335
364340
364414
364437
364506
364562
364799
364868
365049
365197
365443
365494
365544
365636
365653
365950
366245
366265
366268
366290
366419
366435
366447
366615
366769
366910
366976
366985
367180
367363
367477
367642
367679
367803
367943
368007
368060
368233
368261
368300
368407
368430
368538
368664
368713
369129
369304
369462
369571
369680
369869
369892
369921
370163
370212
370228
370238
370305
370327
370334
370484
370790
370825
370832
370856
371026
371047
371061
371120
371222
371360
371383
371438
371513
371649
371701
372030
372239
372262
372393
372440
372494
372569
372586
372769
372792
372913
373080
373243
373326
373516
373521
373558
373626
373690
373916
374281
374324
374328
374419
374477
374555
374595
374663
374840
374857
374892
375001
375040
375307
375360
375407
375437
375602
375941
376036
376115
376285
376477
376646
376717
376782
376865
376929
376936
377048
377306
377417
377450
377455
377565
377768
377770
377839
377894
377922
377960
377985
378085
378433
378713
378727
378821
378994
379056
379134
379185
379188
379417
379610
379691
379756
379803
379837
379924
380005
380078
380202
380210
380268
380395
380603
380747
380760
380858
381094
381283
381324
381434
381444
381523
381768
381851
381956
381961
381968
381986
382062
382068
382231
382432
382479
382524
382642
382645
382742
383011
383017
383170
383178
383214
383220
383330
383399
383400
383641
383653
383692
383759
383798
383909
384229
384371
384577
384604
384621
384622
384628
384646
384960
385069
385078
385144
385460
385910
385930
385973
385983
385995
386223
386340
386416
386840
386943
387242
387384
387410
387488
387701
387803
387991
388051
388106
388154
388263
388450
388496
388645
388717
388752
388915
388971
389091
389294
389474
389708
389836
389923
389967
390328
390388
390421
390426
390479
390546
390747
390766
390780
390845
390921
390948
391265
391533
391578
391613
391789
391939
392025
392537
392578
392665
392668
392734
392930
392997
393079
393396
393533
393590
393802
393804
393915
393936
394028
394186
394342
394407
394432
394451
394581
394681
394725
394889
395022
395091
395099
395145
395202
395415
395638
395652
395672
395766
395954
396191
396229
396331
396332
396473
396575
396581
396614
396928
396963
397203
397323
397496
397629
397649
397662
397913
397939
398274
398425
398629
398737
398757
398954
399009
399077
399133
399143
399258
399297
399356
399626
399788
400098
400145
400169
400219
400220
400262
400367
400512
400585
400586
400642
400723
400867
400990
401054
401213
401278
401544
401549
401574
401634
401757
401771
401885
401904
401955
401976
402005
402041
402369
402583
402637
402678
402729
402876
403313
403330
403405
403628
403717
403776
403854
403900
404283
404302
404310
404357
404443
404554
404564
404745
404807
404811
404836
404862
404935
404961
405362
405465
405486
405532
405642
405720
405981
406127
406150
406260
406423
406542
406681
406952
407009
407094
407160
407479
407485
407518
407771
407850
407884
408259
408379
408459
408568
408609
408659
408704
408732
409069
409073
409203
409469
409488
409677
410041
410127
410398
410466
410534
410897
411008
411012
411202
411329
411360
411415
411525
411776
411810
411880
412031
412226
412258
412260
412272
412273
412320
412389
412500
412535
412605
412649
412691
412734
412808
412851
412918
412971
413437
413438
413445
413465
413742
413843
413895
413920
413994
414040
414225
414283
414346
414347
414383
414408
414535
414570
414627
414642
414644
414703
414778
414929
414955
415041
415140
415314
415357
415489
415708
415805
415913
415925
416008
416075
416090
416105
416132
416259
416536
416677
416765
417055
417069
417084
417130
417173
417292
417489
417554
417649
417657
417730
418051
418089
418141
418273
418324
418348
418629
418663
418818
418822
418885
418952
418956
419044
419131
419371
419458
419467
419549
419676
419705
419754
419768
419920
419931
419949
420246
420498
420535
420616
420766
420884
420940
420994
421095
421127
421140
421218
421397
421400
421568
421914
422116
422288
422302
422330
422391
422677
423066
423132
423243
423297
423416
423504
423741
423769
424281
424306
424430
424690
424741
424799
424811
424942
424953
425196
425218
425224
425416
425598
425763
425778
425806
425824
426038
426075
426078
426108
426184
426337
426442
426452
426595
426651
426850
426890
426936
427094
427204
427297
427331
427338
427344
427406
427483
427528
427531
427611
427635
427689
427730
427931
428187
428230
428237
428296
428421
428714
428867
428883
429088
429111
429253
429369
429446
429498
429619
429664
429723
429813
429925
430069
430155
430239
430423
430446
430556
430660
430840
431099
431104
431403
431415
431427
431490
431503
431520
431560
431938
432040
432256
432296
432334
432495
432605
432733
432747
432816
432867
432962
432991
433084
433095
433739
433932
434042
434339
434344
434726
434892
435005
435016
435210
435348
435360
435443
435583
435637
435641
435794
435858
436074
436177
436323
436367
436562
436677
436807
436859
436873
436911
437201
437202
437241
437302
437324
437522
437656
437731
437737
437788
437847
437949
438083
438145
438240
438373
438436
438483
438869
438871
438967
439154
439263
439531
439818
439863
439919
440004
440035
440282
440315
440321
440360
440490
440516
440597
440647
440827
440900
440971
440989
441082
441090
441109
441229
441287
441293
441368
441397
441406
441562
441679
441717
441725
441777
441809
441840
441978
442073
442119
442169
442186
442337
442598
442984
443098
443190
443214
443341
443410
443611
443798
443822
443833
443865
443918
443930
444033
444164
444374
444377
444568
444608
444775
444800
444809
444831
445097
445100
445136
445264
445588
445680
446044
446086
446087
446115
446130
446133
446296
446448
446495
446546
446727
446852
447063
447074
447081
447227
447282
447307
447362
447444
447478
447582
447617
447651
447729
447969
448030
448083
448116
448162
448250
448317
448593
448603
448613
448884
449039
449342
449497
449548
449950
450001
450047
450050
450095
450164
450238
450716
450739
450805
450990
451074
451183
451203
451397
451428
451495
451662
451768
451847
451898
452109
452195
452272
452523
452606
452627
452683
452707
452769
452877
452900
452909
452930
453164
453244
453265
453372
453462
453498
453555
453605
453625
453844
453867
453913
454060
454155
454248
454293
454326
454415
454514
454773
454799
454960
455032
455093
455165
455235
455247
455323
455512
455520
455557
455561
455597
455607
455612
455709
455758
456015
456082
456406
456414
456634
456640
456660
456675
456682
456693
456771
457098
457141
457192
457198
457256
457383
457387
457408
457466
457566
457604
457764
457970
458048
458176
458216
458309
458316
458458
458561
458630
458659
458689
458755
458798
458837
458898
459002
459271
459298
459303
459348
459355
459619
459918
459961
460013
460107
460116
460179
460202
460218
460251
460329
460459
460535
460586
460589
460651
460678
460985
461156
461274
461282
461430
461449
461481
461543
461577
461614
461670
461747
461842
461857
462130
462200
462215
462455
462507
462550
462563
462566
462671
462700
462886
463095
463164
463200
463202
463275
463318
463424
463459
463587
463612
463652
463711
463791
463987
464160
464312
464393
464419
464437
464613
464812
465107
465122
465188
465385
465390
465424
465455
465495
465633
465766
466071
466091
466250
466411
466492
466511
466601
466768
466783
466869
466882
466891
466920
467006
467099
467213
467303
467324
467335
467538
467579
467649
467769
467801
467813
467825
467855
467915
468156
468404
468408
468502
468577
468625
468634
468796
468937
469201
469443
469444
469508
469649
469653
469669
469731
469889
469992
470003
470038
470137
470199
470263
470323
470496
470551
470557
470818
470864
470884
471128
471150
471198
471235
471342
471464
471623
471626
472148
472395
472429
472863
472966
473123
473188
473348
473422
473520
473592
473646
473663
473864
473892
473984
474107
474201
474228
474233
474342
474575
474605
474609
474724
474756
474790
474852
474985
475204
475299
475505
475758
475878
476079
476159
476413
476515
476517
476552
476573
476839
476851
477105
477230
477272
477398
477423
477490
477493
477529
477706
477806
477807
477892
478021
478126
478134
478217
478248
478351
478477
478486
478504
478830
478872
478916
478959
479005
479016
479045
479258
479302
479584
479649
479917
479956
480152
480195
480295
480412
480425
480453
480481
480533
480541
480563
480729
480818
480936
480950
480993
481099
481182
481206
481271
481298
481320
481384
481443
481502
481670
481719
481978
482135
482158
482302
482321
482349
482351
482472
482703
482848
482961
482987
482998
483011
483025
483132
483238
483254
483498
483538
483552
483785
483787
484132
484316
484378
484586
484602
484640
484781
484891
484981
485061
485125
485535
485608
485665
485825
485866
485977
486130
486416
486582
486609
486700
486878
486901
487035
487047
487165
487176
487490
487531
487656
487784
487876
487893
488014
488121
488160
488299
488439
488537
488567
488773
489081
489098
489171
489232
489365
489366
489408
489621
489820
489839
489901
490159
490166
490249
490291
490579
490589
490751
491068
491078
491112
491148
491240
491330
491445
491482
491866
491947
491957
491986
492053
492144
492170
492400
492405
492609
492700
492813
493018
493063
493154
493162
493220
493233
493303
493344
493480
493893
493982
494004
494079
494116
494154
494175
494189
494276
494286
494442
494464
494664
494747
494837
494846
494855
494999
495051
495118
495375
495505
495860
495950
495977
496102
496105
496156
496216
496422
496478
496495
496732
496748
496751
496855
497036
497079
497138
497211
497252
497286
497375
497457
497466
497500
497502
497551
497991
498133
498199
498296
498367
498380
498537
498578
498585
498587
498620
498699
498711
498730
498773
498820
499015
499193
499452
499494
499728
499734
499815
499816
500022
500061
500301
500364
500501
500555
500781
500862
500871
500920
500964
500990
501240
501266
501280
501337
501379
501495
501595
501620
501807
501871
502117
502120
502219
502262
502291
502403
502542
502606
502637
502640
502750
502777
502868
502934
503144
503311
503319
503503
503789
503791
503797
503818
503960
503969
504006
504124
504296
504538
504601
504734
504737
504763
504930
505069
505261
505282
505316
505364
505467
505541
505585
506071
506145
506323
506503
506802
507001
507280
507507
507588
507720
507753
507789
508306
508598
508632
508670
508753
508772
508791
508838
508881
508885
509274
509369
509510
509571
509578
509687
509699
509754
509765
509885
509967
510084
510149
510162
510343
510443
510448
510521
510685
510699
510711
510855
511051
511071
511218
511234
511317
511575
511966
512043
512123
512134
512189
512271
512364
512378
512406
512485
512515
512521
512574
512664
512762
512846
512935
513022
513236
513332
513361
513425
513469
513913
513967
514148
514297
514341
514362
514594
514730
514849
514863
515060
515074
515205
515573
515680
515830
515918
516206
516299
516375
516559
516746
516797
517005
517032
517052
517222
517324
517399
517486
517654
517733
517745
518147
518157
518243
518297
518308
518370
518602
518753
518857
518986
519117
519149
519255
519360
519398
519765
519793
519868
520110
520144
520391
520555
520635
520645
520794
520926
521006
521669
521714
521971
521980
522211
522230
522243
522286
522320
522407
522416
522429
522431
522473
522506
522548
522607
522639
522667
522709
522834
522886
522936
523034
523050
523072
523273
523294
523299
523334
523346
523371
523545
523548
523616
523802
523955
524042
524523
524652
524679
524711
524738
524755
524856
524911
525045
525050
525071
525117
525120
525147
525232
525267
525419
525469
525526
525603
525656
525703
525781
525951
526026
526582
526607
526615
526626
526655
526747
526788
526813
527233
527420
527450
527497
527545
527978
527997
528004
528070
528436
528453
528590
528668
528710
528846
528879
528882
528922
528928
528959
529082
529239
529378
529400
529532
529537
529815
530048
530062
530069
530092
530371
530380
530482
530497
530510
530730
530987
531118
531285
531423
531464
531631
531646
531749
532040
532095
532212
532308
532343
532365
532510
532527
532533
532611
532612
532816
533062
533206
533209
533392
533592
533606
533634
533687
533794
533958
534031
534145
534199
534553
534693
534889
534914
535045
535273
535301
535355
535425
535463
535580
535611
535721
535822
535842
536244
536390
536442
536499
536579
536689
536701
536724
536852
537041
537116
537498
537604
537664
537725
537805
537819
537946
538048
538090
538148
538170
538273
538320
538493
538566
538673
538800
538811
538960
538988
539066
539238
539326
539388
539586
539762
539899
539903
539947
540055
540153
540207
540365
540402
540572
540578
540590
540666
540676
540721
540745
540885
540930
541057
541103
541110
541123
541217
541219
541415
541516
541520
541551
541603
541611
541689
541789
541971
542126
542238
542274
542362
542419
542622
542886
542925
542952
542962
542983
543057
543062
543105
543196
543255
543296
543325
543392
543414
543470
543541
543570
543571
543691
543746
543903
544008
544058
544149
544159
544424
544535
544584
544811
544851
544947
544965
545111
545113
545139
545189
545242
545263
545356
545489
545680
545758
546208
546483
546668
546826
546844
546941
547026
547203
547542
547576
547636
547698
548067
548075
548101
548215
548416
548425
548518
548679
548714
549089
549218
549331
549454
549515
549589
550031
550041
550073
550142
550147
550170
550198
550361
550368
550439
550729
550905
550941
551061
551173
551223
551320
551502
551896
551923
551926
552029
552125
552435
552486
552604
552937
553257
553306
553498
553516
553572
553664
553769
553873
553892
553922
553956
554094
554096
554122
554200
554209
554222
554284
554345
554416
554435
554503
554821
554904
555081
555163
555339
555525
555530
555665
555745
555918
556052
556264
556321
556353
556544
556927
557149
557170
557196
557277
557346
557491
557579
557652
557655
557795
557853
557952
558042
558055
558070
558123
558189
558213
558464
558528
558577
558653
558784
558904
558995
559003
559027
559035
559158
559183
559192
559260
559281
559313
559403
559493
559827
559877
559916
559955
559972
560258
560349
560371
560493
560603
560716
560761
560766
560849
560938
560977
561010
561037
561142
561205
561252
561386
561464
561484
561633
561743
561876
561934
562352
562573
562604
562757
562824
562835
562886
563077
563095
563141
563183
563440
563502
563520
563542
563605
563695
563700
563777
563793
563808
563810
563900
564050
564125
564253
564367
564384
564615
564772
565178
565273
565346
565569
565600
565672
565800
565879
565911
566012
566142
566475
566797
566993
567022
567144
567359
567505
567869
567939
568140
568244
568307
568662
569004
569013
569209
569343
569416
569721
569813
569963
569977
569992
569998
570314
570362
570376
570479
570506
570613
570673
570947
571110
571117
571121
571213
571378
571946
572091
572166
572183
572235
572376
572618
572636
572665
572811
573075
573132
573305
573318
573479
573579
573612
573757
573891
573943
574170
574199
574227
574467
574514
574524
574675
574851
574927
574958
575066
575181
575251
575304
575380
575395
575405
575441
575461
575470
575503
575590
575690
575717
575805
576036
576046
576345
576347
576408
576508
576566
576652
576662
576765
576880
576882
576949
577241
577244
577339
577358
577652
577871
578035
578232
578354
578386
578493
578586
578594
578620
578631
578869
578895
579059
579252
579409
579457
579476
579478
579480
579589
579618
579689
579989
579999
580039
580158
580191
580201
580285
580479
580501
580683
580877
580925
580948
581150
581164
581216
581445
581507
581536
581634
581639
581864
581869
581913
581926
581932
581945
582039
582108
582118
582128
582144
582307
582340
582363
582433
582556
582590
582721
582856
582995
583000
583214
583455
583457
583569
583596
583745
584060
584270
584288
584332
584507
584742
584851
584932
585067
585127
585233
585245
585248
585286
585288
585466
585469
585860
585879
586025
586062
586106
586161
586189
586256
586597
586864
587007
587163
587167
587188
587370
587416
587549
587768
587886
587892
587894
587912
587918
588102
588123
588199
588318
588372
588384
588438
588772
588827
588903
589081
589134
589196
589220
589250
589336
589341
589381
589496
589653
589838
589853
589865
589947
589948
590006
590119
590143
590217
590228
590387
590532
590588
590604
590700
590892
590982
591010
591286
591309
591500
591654
591661
591962
592011
592014
592430
592473
592521
592557
592585
592629
592667
592668
592690
592762
592802
592816
592945
593036
593037
593047
593144
593243
593283
593350
593412
593420
593445
593468
593541
593610
593777
593942
594129
594236
594421
594738
594805
594863
594960
594965
594968
595397
595452
595464
595660
595679
595737
595896
595929
595964
596036
596112
596346
596461
596639
596656
596732
596783
596810
596947
596973
596979
597055
597074
597258
597358
597396
597665
597884
598129
598177
598213
598240
598346
598398
598469
598517
598535
598579
598608
598773
598806
598859
598892
598893
599039
599138
599154
599240
599250
599256
599422
599564
599594
599660
599750
599769
599853
600116
600204
600287
600322
600548
600611
600811
600812
601035
601042
601175
601284
601317
601360
601535
601586
601668
601676
601851
602059
602141
602212
602249
602255
602312
602390
602500
602661
602768
602790
602813
602842
602935
603126
603224
603288
603303
603432
603481
603498
603540
603630
603731
603734
603781
603827
603867
603952
604109
604250
604393
604395
604424
604581
604921
604995
605151
605329
605337
605367
605377
605482
605516
605564
605610
605979
605981
606213
606226
606231
606320
606344
606453
606471
606536
606569
606699
606819
606862
607019
607025
607421
607568
607953
607956
608017
608050
608120
608122
608142
608171
608185
608272
608313
608389
608396
608488
608543
608556
608588
608600
608707
608785
608917
608977
609089
609214
609402
609554
609559
609644
609691
609825
609839
610048
610189
610264
610726
610734
610757
611158
611161
611477
611582
611636
611645
611775
611834
612012
612075
612182
612218
612323
612369
612569
612590
612658
612693
612899
612938
612961
613060
613230
613318
613421
613505
613560
613716
613733
613753
613760
613800
613928
614136
614201
614241
614247
614418
614545
614609
615035
615082
615093
615266
615462
615655
615827
615923
616091
616118
616308
616394
616485
616530
616603
616699
616899
617089
617191
617228
617232
617323
617614
617665
617759
617854
617921
617947
617951
618048
618189
618225
618401
618466
618472
618582
618637
619348
619476
619547
619564
619626
619752
620060
620191
620195
620242
620356
620544
620562
620578
620595
620596
620814
621179
621240
621638
621689
621730
621766
621806
621851
622032
622053
622157
622191
622379
622493
622499
622565
622665
622671
622814
622858
622953
622973
623085
623130
623133
623218
623280
623363
623388
623452
623788
623943
624220
624304
624532
624797
624985
625055
625059
625091
625125
625164
625553
625574
625618
625753
625822
625896
625908
625966
626011
626234
626239
626363
626570
626615
626694
626806
626928
626982
627025
627135
627277
627348
627364
627585
627694
627754
627822
627934
627965
628013
628079
628283
628304
628461
628466
628469
628484
628495
628500
628940
628984
629154
629219
629437
629451
629732
629734
630079
630107
630242
630354
630383
630446
630690
630740
631329
631365
631547
631668
631743
631746
631831
631924
632138
632192
632194
632361
632506
632525
632845
632884
632905
632914
633329
633375
633536
633586
633669
633888
634000
634054
634108
634149
634433
634535
634616
634867
634896
635065
635076
635096
635140
635181
635230
635288
635386
635512
635580
635633
635667
635681
635887
636196
636240
636283
636293
636317
636340
636491
636748
636999
637001
637146
637248
637298
637481
637532
637540
638020
638170
638212
638397
638474
638483
638515
638552
638555
638629
638632
638768
638779
638844
639049
639124
639357
639655
639702
639962
640220
640265
640376
640383
640479
640565
640663
640800
640980
641163
641216
641280
641308
641321
641403
641418
641419
641431
641541
641657
641681
641870
641988
642057
642218
642275
642523
642775
643278
643312
643340
643511
643764
644060
644237
644244
644255
644366
644369
644373
644868
645104
645170
645228
645280
645566
645576
645657
645799
645987
646035
646298
646485
646598
646630
646769
647054
647071
647091
647162
647216
647279
647289
647610
647705
648077
648165
648182
648263
648277
648339
648359
648922
648973
649120
649166
649298
649446
649457
649952
650085
650146
650171
650378
650420
650423
650461
650613
651129
651422
651508
651744
652076
652211
652223
652934
652998
653303
653791
653823
653957
654072
654147
654178
654214
654268
654392
654638
654737
654802
654815
655064
655259
655463
655484
655513
656107
656131
656181
656234
656259
656578
656620
656826
656845
656886
656925
657158
657179
657253
657445
657617
657739
657860
657906
657929
658107
658111
658125
658203
658263
658281
658322
658359
658576
658601
658623
658666
658747
658825
658926
658981
658994
659417
659421
659509
659661
659667
659684
659688
659837
659848
659972
660044
660072
660243
660336
660340
660518
660953
660957
661000
661232
661450
661495
661650
661700
661810
661848
661861
662186
662189
662213
662279
662300
662402
662428
662578
662816
662869
662918
662978
663038
663215
663235
663324
663329
663335
663350
663438
663559
663604
663690
663715
663882
664037
664201
664466
664481
664524
664731
664748
664834
664841
664843
664916
665029
665058
665126
665157
665182
665427
665477
665618
666062
666121
666203
666487
666488
666673
666915
667001
667387
667414
667448
667505
667577
667915
667999
668069
668203
668283
668619
668624
668673
669085
669151
669320
669386
669545
669840
669925
669942
670175
670241
670251
670391
670827
670830
670879
670947
671037
671039
671162
671313
671342
671390
671941
672007
672079
672347
672362
672371
672435
672583
672614
672674
673054
673203
673231
673452
673468
674055
674094
674111
674150
674775
674868
674879
674958
675166
675604
675823
675829
675845
675850
675930
675967
675990
676123
676156
676241
676363
676436
676612
676677
676690
676713
676833
676860
676891
677000
677128
677188
677603
677822
677933
678150
678151
678423
678480
678805
678966
679109
679116
679213
679237
679255
679330
679369
679622
679632
679740
679916
680014
680088
680156
680167
680197
680402
680407
680451
680473
680534
680628
680681
680857
681054
681075
681208
681406
681484
681630
681710
681773
681837
681939
681947
681973
682298
682358
682439
682636
682644
682729
682817
682855
682930
682979
683000
683001
683078
683122
683151
683185
683279
683488
683497
683621
683737
683766
684054
684132
684180
684196
684258
684326
684383
684404
684414
684535
684805
684961
684964
685011
685156
685562
685638
685657
685715
685755
685855
685859
685882
685925
685951
685961
685964
686047
686164
686176
686205
686246
686270
686300
686358
686489
686551
686646
686679
686786
687016
687047
687321
687789
687851
688019
688092
688233
688243
688251
688325
688416
688545
688747
688790
688974
689021
689393
689399
689460
689530
689622
689658
689672
689685
689741
689804
690008
690094
690601
690778
690828
690924
691012
691040
691137
691175
691487
691601
691647
691718
691759
691934
691963
691969
692218
692326
692444
692476
692501
692565
692566
692574
692620
692727
692798
692799
692806
692915
692918
692950
693006
693376
693486
693520
693534
693774
693810
693946
694035
694182
694275
694520
694548
694695
695060
695195
695231
695433
695667
695923
695961
696048
696123
696175
696244
696281
696296
696436
696511
696552
696775
696777
696881
696926
696927
697033
697189
697194
697205
697308
697340
697526
697817
697880
697881
697959
697963
698224
698344
698393
698602
698627
698677
698744
698869
698908
699042
699132
699256
699358
699427
699487
699507
699673
699717
699803
699925
700027
700123
700251
700360
700584
700820
700835
701147
701554
701724
701800
702028
702345
702350
702377
702655
702909
703028
703031
703055
703254
703561
703582
703673
703692
703833
704034
704220
704267
704407
704473
704647
704655
704894
705131
705145
705277
705318
705524
705568
705687
705698
705940
706108
706314
706326
706433
706579
706603
706775
706854
706889
707102
707201
707297
707321
707461
707465
707573
707574
707625
707860
707912
707952
707960
708122
708375
708392
708661
708723
708747
708857
709113
709216
709217
709611
709789
709823
709936
710099
710136
710149
710309
710550
710590
710598
710681
710719
710806
710855
710907
710938
710952
711016
711113
711163
711202
711287
711357
711490
711551
711687
711701
711829
711984
711988
712102
712118
712164
712212
712253
712342
712360
712392
712412
712434
712617
712800
713021
713066
713158
713249
713269
713273
713314
713347
713511
713782
713961
714235
714292
714358
714601
714704
714718
714807
714808
714995
715006
715008
715495
715547
715638
715865
715973
716017
716338
716390
716468
716538
716577
716644
716713
716782
716877
716907
717163
717216
717276
717325
717369
717489
717822
717847
718017
718088
718102
718112
718389
718442
718498
718648
718780
718855
718861
719109
719292
719363
719464
719546
719550
719551
719595
719714
720136
720174
720301
720687
720757
720822
720877
721223
721339
721385
721450
721648
721765
721806
721972
722131
722221
722228
722237
722258
722370
722391
722773
722838
722853
722862
723063
723068
723263
723274
723327
723617
723822
723847
723876
724274
724290
724304
724467
724512
724537
724626
724822
724877
725044
725100
725350
725411
725413
725577
725579
725601
725882
726010
726024
726155
726179
726353
726385
726749
727038
727094
727143
727447
727472
728022
728260
728299
728384
728528
728552
728599
728893
729127
729335
729453
729589
729700
729761
730006
730091
730194
730197
730225
730481
730546
730619
730622
730682
730715
730819
730948
730960
730997
731506
731666
731733
731738
731858
731981
732367
732569
732729
732778
732784
732802
732821
732891
732962
732986
733152
733248
733455
733519
733559
733599
733833
733946
734006
734051
734065
734087
734130
734294
734536
734548
734844
734851
734874
734916
734951
735104
735123
735515
735540
735619
735746
736062
736122
736254
736331
736735
736771
736912
737034
737111
737162
737210
737236
737427
737568
737586
737605
737628
737690
737766
737836
737976
738012
738033
738035
738091
738270
738278
738306
738341
738429
738448
738717
738731
738763
738929
739068
739100
739210
739215
739327
739543
739567
739676
739677
739700
739754
739773
739841
739961
740217
740220
740312
740334
740592
740850
740901
741122
741450
741537
741547
741562
741591
741675
741691
741806
741925
742047
742097
742198
742422
742471
742477
742664
742734
742816
742914
743164
743219
743238
743384
743413
743470
743513
743899
744139
744149
744169
744371
744559
744709
744769
744806
744869
745013
745124
745133
745241
745317
745555
745645
745730
745786
745822
745846
745954
746054
746118
746193
746289
746402
746449
746479
746577
746802
746810
746905
746951
747046
747398
747436
747559
747574
747826
747880
748067
748084
748137
748156
748188
748267
748578
748676
748733
748799
748881
748888
749029
749157
749163
749295
749317
749759
749803
749818
749844
749902
750027
750075
750302
750434
750468
750682
750746
750828
750869
751008
751071
751106
751115
751128
751377
751394
751437
751490
751580
751953
751955
751974
752139
752304
752362
752411
752446
752626
752713
752975
753119
753177
753255
753265
753458
753506
753613
753628
753729
753818
753823
754084
754310
754498
754572
754714
754757
754846
755032
755265
755423
755826
755971
756127
756154
756170
756208
756240
756342
756415
756501
756503
756621
756636
756797
757019
757038
757050
757124
757157
757250
757340
757429
757534
757788
757839
757845
757849
757861
757934
757939
758096
758342
758612
758753
758771
758942
758989
759092
759104
759163
759373
759433
759647
759858
760100
760154
760374
760388
760549
760675
760743
760983
761049
761405
761496
761576
761678
761750
761780
761940
762189
762322
762389
762618
762702
762841
762919
762972
763050
763054
763397
763456
763680
763703
763811
763922
763928
764852
765059
765128
765129
765335
765595
765794
765993
766115
766141
766195
766437
766491
766545
767012
767104
767259
767286
767639
767704
767979
768021
768112
768157
768168
768235
768395
768592
768819
768939
769097
769143
769173
769224
769281
769361
769463
769843
770090
770313
770324
770339
770365
770420
770953
771038
771051
771130
771191
771196
771203
771240
771439
771445
771453
771486
771577
771586
771616
771679
771726
771753
771756
771792
772013
772075
772132
772340
772546
772609
772617
772649
772651
772699
772766
772774
772847
772883
773050
773070
773124
773126
773230
773327
773635
773661
773666
773722
773802
773828
773832
773903
773986
774082
774174
774422
774501
774558
774634
774729
774792
774824
774949
775037
775066
775104
775261
775594
775606
775730
775857
775998
776034
776036
776055
776074
776079
776083
776295
776306
776390
776498
776682
776688
776820
776901
777028
777119
777282
777351
777398
777418
777454
777460
777756
777791
777828
777966
778126
778285
778313
778408
778457
778578
778682
778799
778924
779019
779031
779056
779076
779211
779236
779262
779468
779681
779759
779833
779925
779936
780031
780050
780062
780197
780219
780330
780344
780397
781015
781125
781217
781333
781393
781406
781505
781631
781678
781852
781958
782101
782114
782140
782181
782227
782687
782829
782850
782938
783156
783222
783303
783449
783450
783724
783880
783889
783893
784487
784732
784807
784858
784873
785039
785066
785204
785207
785220
785584
785686
785768
785941
786077
786165
786215
786287
786305
786449
786464
786641
786673
786769
786793
787060
787278
787400
787499
787504
787798
787849
787965
788041
788195
788200
788285
788295
788300
788461
788793
789110
789193
789271
789297
789333
789377
789409
789477
789601
789763
789912
789921
789979
790009
790194
790335
790466
790515
790584
790601
790636
790862
790941
790944
790962
790975
791093
791100
791132
791422
791451
791462
791611
791689
791821
791835
791856
791869
791892
791916
791980
791994
792015
792126
792136
792179
792180
792314
792329
792373
792427
792499
792531
792534
792569
792779
792786
792876
792994
793043
793116
793228
793321
793342
793485
793519
793721
793772
793839
793873
793947
793966
793983
794042
794050
794119
794202
794307
794419
794614
794819
794880
794883
795006
795046
795080
795088
795229
795293
795330
795369
795553
795602
795841
795872
795904
795922
796124
796126
796130
796156
796406
796421
796425
796448
796458
796512
796586
796711
796891
796986
797053
797178
797209
797338
797407
797484
797499
797502
797565
797580
797673
797761
797774
797904
797933
797977
798005
798030
798152
798275
798280
798338
798451
798781
798874
798974
798999
799307
799308
799331
799340
799365
799440
799507
799678
800031
800130
800131
800385
800433
800465
800544
800786
801053
801077
801157
801159
801552
801714
801720
801976
802177
802230
802234
802237
802301
802308
802471
802611
802625
802643
802692
802720
802821
802915
802968
802985
803087
803265
803300
803334
803438
803778
803787
803999
804092
804213
804265
804268
804363
804431
804583
804665
804760
804879
804925
805172
805303
805313
805318
805569
805597
805603
805716
805734
805851
805862
805886
806000
806006
806035
806076
806241
806264
806271
806394
806428
806611
806699
806710
806950
807155
807237
807591
807640
807714
808029
808202
808537
808792
808817
808943
809009
809129
809339
809495
809515
809516
809540
809848
809987
810007
810087
810146
810198
810200
810258
810299
810530
810556
810570
810649
810678
810727
811027
811096
811138
811159
811178
811187
811384
811453
811486
811490
811597
811687
811730
811774
811793
811863
811887
812037
812052
812611
812624
812894
812942
813023
813059
813186
813208
813245
813302
813331
813412
813466
813644
813697
813739
813750
814057
814064
814261
814311
814338
814484
814665
814697
814713
814865
814891
814986
814992
815155
815553
815592
815735
815840
816080
816205
816432
816500
816705
816723
816775
816829
816900
817166
817333
817378
817434
817546
817618
817898
818110
818305
818421
818526
818777
818779
818856
818912
818945
819125
819263
819645
819758
819914
819987
820036
820038
820052
820068
820143
820236
820277
820504
820609
820798
820929
820933
820981
820988
821086
821401
821420
821493
821608
821610
821666
821701
821770
821786
821817
821915
821932
821979
822003
822065
822072
822307
822340
822525
822576
822630
822921
823046
823081
823141
823396
823398
823585
823802
823836
823852
824180
824220
824237
824271
824311
824409
824463
824640
824916
825187
825256
825400
825708
825861
826080
826087
826229
826314
826334
826466
826831
826869
826927
826962
826993
827006
827043
827354
827362
827364
827527
827606
827616
827622
827651
827665
827745
827855
828232
828362
828384
828817
828961
829021
829085
829144
829381
829443
829455
829709
829720
829723
829784
829993
830108
830193
830329
830502
830648
830659
830778
830880
830922
831009
831106
831131
831258
831272
831446
831468
831588
831676
831782
831793
831860
831919
832131
832153
832248
832489
832914
832948
833159
833185
833229
833338
833385
833415
833509
833706
833722
833870
834035
834068
834150
834157
834166
834222
834342
834439
834509
834614
834661
834666
834710
834797
834852
834929
835015
835037
835206
835220
835282
835366
835389
835520
835550
835736
835790
835972
836351
836615
836791
836871
836896
836927
837047
837227
837333
837442
837479
837550
837598
837828
837929
838004
838065
838180
838412
838602
838958
838978
839030
839076
839198
839270
839452
839493
839576
839604
839648
839774
839820
839967
840024
840131
840205
840388
840494
840586
840636
840640
840747
840797
840811
840850
840998
841020
841063
841106
841366
841919
842024
842080
842303
842443
842601
842613
842626
842676
842693
843210
843327
843413
843419
843450
843519
843785
843950
843982
844070
844145
844244
844293
844363
844427
844509
844548
844594
844674
844826
844872
845041
845163
845267
845733
845915
845937
846132
846309
846340
846633
846637
846673
846722
846964
847011
847089
847255
847391
847474
847576
847629
847907
848158
848181
848202
848527
848643
848916
848924
849190
849420
849599
849675
849723
850292
850445
850477
850842
850872
850992
851102
851172
851205
851319
851666
851788
851834
851967
851970
852011
852154
852452
852526
852532
852609
852680
852720
852972
853101
853210
853238
853484
853493
853796
853937
853974
853975
853982
854123
854185
854189
854225
854287
854325
854474
854576
854643
854673
854799
854837
854859
855001
855120
855183
855185
855296
855322
855342
855543
855602
855705
855866
855904
856002
856068
856095
856128
856143
856208
856231
856262
856281
856541
856605
856658
856714
856741
856767
857041
857048
857053
857232
857294
857304
857406
857411
857466
857485
857548
857654
857718
857755
857958
858182
858185
858186
858279
858373
858392
858431
858444
858650
858661
858703
858708
858931
859050
859158
859238
859671
859767
859864
859892
860138
860413
860495
860766
860833
860836
860885
860932
861006
861012
861087
861203
861246
861495
861536
861610
861632
861642
861760
861784
862119
862129
862136
862282
862345
862456
862612
862690
862703
862746
862853
862936
862972
863061
863167
863316
863371
863478
863564
863594
863650
863930
864001
864102
864143
864216
864286
864362
864489
864514
864524
864547
864588
864681
864703
864938
864950
864953
865047
865064
865158
865214
865226
865258
865309
865341
865359
865427
865614
865639
865668
865806
865880
865883
865906
866115
866133
866142
866165
866180
866315
866368
866395
866551
866725
866873
867095
867141
867555
867562
867856
868146
868267
868319
868399
868450
868466
868518
868541
868566
868624
868635
868717
868760
868807
868820
868845
868850
868948
868953
869017
869056
869294
869335
869522
869558
869653
869672
869714
869735
869741
869782
869817
870005
870015
870028
870051
870215
870317
870463
870626
870629
870678
870684
870702
870740
870916
870942
871065
871216
871279
871486
871631
871646
871760
871770
872243
872311
872325
872354
872378
872676
872736
872869
872898
872905
872950
872959
873096
873122
873174
873278
873284
873330
873396
873475
873582
873587
873714
873797
873856
873889
873921
873992
874072
874252
874431
874456
874530
874563
874686
874717
874781
874793
874880
874897
875057
875068
875137
875230
875243
875259
875302
875378
875532
875617
875703
875715
875980
876071
876108
876157
876167
876197
876253
876404
876614
876742
876802
876889
876976
877044
877265
877331
877375
877465
877686
877878
877985
878205
878421
878545
878573
878597
878700
878851
879026
879043
879106
879125
879141
879185
879322
879362
879899
880030
880090
880251
880253
880344
880423
880555
880723
880791
880808
880840
880852
880977
881047
881222
881245
881281
881340
881412
881455
881478
881572
881785
881812
881953
881958
882131
882144
882293
882310
882534
882572
882639
882839
883008
883027
883173
883186
883397
883441
883523
883609
883669
883678
883827
883842
883850
883861
884056
884439
884467
884724
884726
884828
885086
885106
885127
885142
885513
885514
885634
885644
885692
885739
885904
885976
886041
886145
886260
886391
886587
886736
886756
886824
886847
887102
887236
887437
887457
887479
887588
887663
887777
888324
888376
888554
888568
888932
888975
888994
889154
889237
889253
889291
889501
889697
889812
889855
889876
890060
890067
890089
890172
890444
890610
890667
890729
890871
891224
891379
891762
891832
891863
892163
892178
892190
892262
892374
892448
892752
893240
893467
893603
893837
893904
894059
894081
894226
894244
894526
894563
894567
894964
895012
895171
895454
895488
895600
895687
895819
896025
896071
896196
896287
896486
896711
896922
896949
897059
897120
897122
897435
897628
897670
897763
897837
897929
898029
898059
898077
898223
898261
898353
898612
898708
899039
899056
899091
899110
899119
899233
899262
899285
899418
899535
899867
899910
899942
900050
900100
900261
900302
900311
900421
900685
900747
900764
900821
900840
900889
901112
901184
901263
901270
901280
901323
901436
901458
901562
901606
901805
902017
902286
902777
902834
902937
903199
903261
903315
903356
903436
903632
903952
903972
904009
904016
904057
904104
904209
904248
904320
904531
904590
904634
904641
904773
904808
904930
904933
904970
905066
905085
905187
905202
905292
905527
905560
905729
905777
905877
905981
906193
906237
906281
906355
906406
906421
906430
906444
906449
906491
906507
906681
906879
906904
907015
907229
907580
907697
907865
907954
908074
908126
908359
908616
908685
908691
908810
908817
908893
909024
909076
909115
909308
909346
909411
909471
909575
909701
909741
909795
909855
909944
910015
910080
910209
910303
910313
910370
910416
910468
910522
910558
910678
910813
910837
910839
910848
910926
911002
911030
911127
911137
911233
911339
911506
911550
911730
911849
911936
912011
912202
912236
912367
912573
912793
912894
912970
913006
913172
913243
913311
913318
913339
913344
913377
913492
913515
913569
913572
913592
913606
913672
913908
914050
914150
914159
914308
914341
914367
914423
914480
914521
914680
914829
914900
915087
915088
915135
915216
915272
915471
915555
915600
915643
915657
915824
916019
916113
916172
916244
916310
916417
916539
916624
916738
916844
916967
917026
917063
917199
917205
917346
917534
917574
917586
917656
917693
917726
917728
917756
917880
918168
918355
918445
918464
918494
918503
918515
918624
918835
918845
918877
918968
918974
919046
919313
919542
919699
919812
919908
919952
920048
920148
920228
920546
920763
920764
920777
920989
921031
921169
921219
921275
921314
921517
921667
921836
921934
921995
922019
922320
922373
922704
922828
922851
922918
922929
922978
923035
923109
923136
923171
923204
923213
923244
923253
923443
923507
923644
923769
923978
924209
924243
924308
924549
924663
924777
925084
925292
925450
925454
925517
925853
926151
926227
926296
926458
926489
926585
926646
926656
926661
926675
926859
927016
927163
927239
927341
927444
927718
927779
927788
928156
928410
928427
928579
928597
928783
928838
928909
928932
928975
929290
929310
929326
929420
929560
929661
929692
929738
929762
929853
929887
929897
929934
930025
930210
930237
930263
930293
930366
930713
930739
930740
930780
931093
931130
931178
931187
931215
931325
931359
931374
931560
931569
931625
931689
931692
931734
931814
931951
932062
932066
932131
932228
932425
932488
932626
932649
932733
932762
932789
932806
932891
933320
933350
933471
933615
933763
933920
934116
934150
934205
934275
934350
934356
934388
934457
934458
934460
934518
934626
934772
935125
935190
935259
935445
935555
935884
936020
936042
936153
936176
936202
936227
936230
936283
936352
936395
936501
936545
936678
936730
936833
936937
936991
937121
937207
937290
937298
937401
937439
937636
937998
938041
938140
938162
938315
938373
938388
938626
938674
938711
938766
938767
938817
938877
939058
939080
939119
939169
939193
939513
939571
939593
939671
939724
939945
939962
940100
940196
940264
940296
940403
940482
940490
940820
940872
940920
941114
941195
941244
941748
941752
941920
942300
942346
942415
942521
942654
942658
942667
942772
942818
942881
943108
943159
943168
943273
943361
943417
943518
943627
943651
943737
943869
943989
944130
944331
944437
944652
944732
944761
944973
945062
945109
945138
945163
945175
945198
945335
945338
945362
946169
946228
946280
946292
946302
946362
946420
946556
946772
946937
947082
947141
947184
947326
947338
947432
947492
947628
947835
947918
947931
948026
948087
948136
948219
948256
948266
948472
948502
948581
948636
948637
948715
948741
948785
948826
948845
948860
948870
948934
949038
949176
949233
949240
949370
949451
949541
949694
949709
949825
949826
949839
949903
949931
950215
950229
950536
950582
950709
950794
950832
950840
950885
951001
951174
951234
951249
951355
951453
951504
951671
951758
951808
951818
951913
951980
952056
952223
952348
952395
952403
952537
952543
953041
953265
953320
953534
953591
953658
953851
953874
953948
954151
954196
954261
954472
954586
954825
954974
955285
955298
955431
955532
955729
955805
955811
955837
955871
955962
955992
956003
956114
956191
956201
956339
956440
956669
956959
956963
956998
957006
957248
957297
957383
957633
957796
957829
957846
957935
957965
958160
958189
958232
958236
958319
958358
958364
958432
958785
958972
958984
959014
959018
959246
959298
959411
959440
959530
959801
959828
959991
960067
960190
960207
960365
960482
960663
960717
960759
960780
960788
961023
961116
961161
961176
961257
961361
961436
961480
961613
961953
961996
962067
962088
962090
962226
962330
962342
962496
962685
962766
962884
962973
963080
963140
963171
963330
963440
963775
964135
964213
964248
964418
964433
964521
964532
964533
965233
965404
965482
965604
965688
965745
965885
965926
966010
966016
966065
966068
966240
966272
966379
966518
966722
966783
966815
966834
966874
967001
967066
967190
967289
967308
967548
967662
967715
967818
967891
967935
968048
968104
968551
968815
968871
969063
969234
969256
969296
969497
969531
969588
969602
969714
969849
969861
969921
969971
969999
970054
970200
970307
970462
970595
970652
970660
970665
970727
970804
970834
970960
970977
971031
971109
971457
971484
971490
971508
971562
971590
971648
972072
972139
972237
972375
972572
972618
972726
972740
972800
972802
973034
973088
973204
973248
973286
973432
973472
974175
974383
974427
974433
974475
974720
974770
974815
974846
974867
974872
974913
975004
975039
975068
975095
975112
975360
975370
975817
975876
975898
975943
976038
976044
976048
976069
976114
976211
976442
976465
976852
976919
977141
977287
977666
977718
977786
977882
977971
978000
978087
978301
978399
978401
978416
978428
978459
978712
978904
979009
979396
979460
979701
979712
979724
979876
979932
980209
980260
980266
980316
980377
980419
980445
980459
980868
980901
981047
981150
981178
981226
981242
981244
981325
981525
981607
981657
981833
982100
982104
982341
982470
982644
982858
982874
983061
983242
983541
983673
983688
983987
984198
984296
984338
984426
984487
984546
984641
984658
984717
984815
984852
984978
985033
985035
985076
985120
985418
985438
985513
985560
985612
985666
985692
985808
985831
985847
986006
986059
986123
986160
986417
986798
987278
987315
987563
987852
987927
988020
988044
988063
988149
988206
988788
988793
988858
988904
988910
989159
989186
989611
989732
989743
989818
989837
989922
989946
989973
990151
990161
990198
990310
990417
990463
990550
990644
990657
990687
990693
990727
990729
990822
990856
990910
990928
991096
991511
991618
991944
991986
992012
992017
992243
992256
992285
992578
992586
992610
992680
992716
992819
992822
992905
993027
993055
993106
993116
993375
993455
993530
993735
993746
994006
994339
994458
994732
994912
994959
995079
995086
995106
995212
995333
995434
995480
995735
995739
995740
995746
995765
995861
995870
995872
995925
996040
996143
996182
996407
996433
996482
996549
996694
996745
996794
996852
996996
997490
997493
997656
997712
997717
997935
998069
998205
998333
998392
998568
998621
998657
998740
998748
999002
999014
999151
999191
999233
999274
999316
999432
999658
999663
999751
999802
999847
999882
